 1.00000000e+06  1.79333498e-01  1.05263308e-03  1.00000000e+06 -1.79333498e-01 -1.05263308e-03 
 1.02329299e+06  1.79335551e-01  1.07707382e-03  1.02329299e+06 -1.79335551e-01 -1.07707382e-03 
 1.04712855e+06  1.79337701e-01  1.10207826e-03  1.04712855e+06 -1.79337701e-01 -1.10207826e-03 
 1.07151931e+06  1.79339952e-01  1.12765915e-03  1.07151931e+06 -1.79339952e-01 -1.12765915e-03 
 1.09647820e+06  1.79342308e-01  1.15382948e-03  1.09647820e+06 -1.79342308e-01 -1.15382948e-03 
 1.12201845e+06  1.79344775e-01  1.18060254e-03  1.12201845e+06 -1.79344775e-01 -1.18060254e-03 
 1.14815362e+06  1.79347358e-01  1.20799186e-03  1.14815362e+06 -1.79347358e-01 -1.20799186e-03 
 1.17489755e+06  1.79350063e-01  1.23601129e-03  1.17489755e+06 -1.79350063e-01 -1.23601129e-03 
 1.20226443e+06  1.79352894e-01  1.26467493e-03  1.20226443e+06 -1.79352894e-01 -1.26467493e-03 
 1.23026877e+06  1.79355858e-01  1.29399719e-03  1.23026877e+06 -1.79355858e-01 -1.29399719e-03 
 1.25892541e+06  1.79358961e-01  1.32399277e-03  1.25892541e+06 -1.79358961e-01 -1.32399277e-03 
 1.28824955e+06  1.79362210e-01  1.35467667e-03  1.28824955e+06 -1.79362210e-01 -1.35467667e-03 
 1.31825674e+06  1.79365611e-01  1.38606417e-03  1.31825674e+06 -1.79365611e-01 -1.38606417e-03 
 1.34896288e+06  1.79369172e-01  1.41817088e-03  1.34896288e+06 -1.79369172e-01 -1.41817088e-03 
 1.38038426e+06  1.79372900e-01  1.45101270e-03  1.38038426e+06 -1.79372900e-01 -1.45101270e-03 
 1.41253754e+06  1.79376802e-01  1.48460585e-03  1.41253754e+06 -1.79376802e-01 -1.48460585e-03 
 1.44543977e+06  1.79380887e-01  1.51896686e-03  1.44543977e+06 -1.79380887e-01 -1.51896686e-03 
 1.47910839e+06  1.79385164e-01  1.55411258e-03  1.47910839e+06 -1.79385164e-01 -1.55411258e-03 
 1.51356125e+06  1.79389641e-01  1.59006017e-03  1.51356125e+06 -1.79389641e-01 -1.59006017e-03 
 1.54881662e+06  1.79394328e-01  1.62682711e-03  1.54881662e+06 -1.79394328e-01 -1.62682711e-03 
 1.58489319e+06  1.79399233e-01  1.66443122e-03  1.58489319e+06 -1.79399233e-01 -1.66443122e-03 
 1.62181010e+06  1.79404369e-01  1.70289064e-03  1.62181010e+06 -1.79404369e-01 -1.70289064e-03 
 1.65958691e+06  1.79409745e-01  1.74222382e-03  1.65958691e+06 -1.79409745e-01 -1.74222382e-03 
 1.69824365e+06  1.79415372e-01  1.78244954e-03  1.69824365e+06 -1.79415372e-01 -1.78244954e-03 
 1.73780083e+06  1.79421262e-01  1.82358694e-03  1.73780083e+06 -1.79421262e-01 -1.82358694e-03 
 1.77827941e+06  1.79427428e-01  1.86565543e-03  1.77827941e+06 -1.79427428e-01 -1.86565543e-03 
 1.81970086e+06  1.79433881e-01  1.90867481e-03  1.81970086e+06 -1.79433881e-01 -1.90867481e-03 
 1.86208714e+06  1.79440636e-01  1.95266515e-03  1.86208714e+06 -1.79440636e-01 -1.95266515e-03 
 1.90546072e+06  1.79447706e-01  1.99764688e-03  1.90546072e+06 -1.79447706e-01 -1.99764688e-03 
 1.94984460e+06  1.79455105e-01  2.04364074e-03  1.94984460e+06 -1.79455105e-01 -2.04364074e-03 
 1.99526231e+06  1.79462850e-01  2.09066778e-03  1.99526231e+06 -1.79462850e-01 -2.09066778e-03 
 2.04173794e+06  1.79470956e-01  2.13874937e-03  2.04173794e+06 -1.79470956e-01 -2.13874937e-03 
 2.08929613e+06  1.79479439e-01  2.18790719e-03  2.08929613e+06 -1.79479439e-01 -2.18790719e-03 
 2.13796209e+06  1.79488317e-01  2.23816324e-03  2.13796209e+06 -1.79488317e-01 -2.23816324e-03 
 2.18776162e+06  1.79497608e-01  2.28953977e-03  2.18776162e+06 -1.79497608e-01 -2.28953977e-03 
 2.23872114e+06  1.79507331e-01  2.34205938e-03  2.23872114e+06 -1.79507331e-01 -2.34205938e-03 
 2.29086765e+06  1.79517506e-01  2.39574490e-03  2.29086765e+06 -1.79517506e-01 -2.39574490e-03 
 2.34422882e+06  1.79528153e-01  2.45061944e-03  2.34422882e+06 -1.79528153e-01 -2.45061944e-03 
 2.39883292e+06  1.79539294e-01  2.50670639e-03  2.39883292e+06 -1.79539294e-01 -2.50670639e-03 
 2.45470892e+06  1.79550952e-01  2.56402937e-03  2.45470892e+06 -1.79550952e-01 -2.56402937e-03 
 2.51188643e+06  1.79563150e-01  2.62261221e-03  2.51188643e+06 -1.79563150e-01 -2.62261221e-03 
 2.57039578e+06  1.79575913e-01  2.68247899e-03  2.57039578e+06 -1.79575913e-01 -2.68247899e-03 
 2.63026799e+06  1.79589266e-01  2.74365396e-03  2.63026799e+06 -1.79589266e-01 -2.74365396e-03 
 2.69153480e+06  1.79603236e-01  2.80616155e-03  2.69153480e+06 -1.79603236e-01 -2.80616155e-03 
 2.75422870e+06  1.79617851e-01  2.87002635e-03  2.75422870e+06 -1.79617851e-01 -2.87002635e-03 
 2.81838293e+06  1.79633140e-01  2.93527307e-03  2.81838293e+06 -1.79633140e-01 -2.93527307e-03 
 2.88403150e+06  1.79649134e-01  3.00192652e-03  2.88403150e+06 -1.79649134e-01 -3.00192652e-03 
 2.95120923e+06  1.79665864e-01  3.07001160e-03  2.95120923e+06 -1.79665864e-01 -3.07001160e-03 
 3.01995172e+06  1.79683364e-01  3.13955322e-03  3.01995172e+06 -1.79683364e-01 -3.13955322e-03 
 3.09029543e+06  1.79701667e-01  3.21057634e-03  3.09029543e+06 -1.79701667e-01 -3.21057634e-03 
 3.16227766e+06  1.79720809e-01  3.28310585e-03  3.16227766e+06 -1.79720809e-01 -3.28310585e-03 
 3.23593657e+06  1.79740829e-01  3.35716658e-03  3.23593657e+06 -1.79740829e-01 -3.35716658e-03 
 3.31131121e+06  1.79761764e-01  3.43278325e-03  3.31131121e+06 -1.79761764e-01 -3.43278325e-03 
 3.38844156e+06  1.79783656e-01  3.50998040e-03  3.38844156e+06 -1.79783656e-01 -3.50998040e-03 
 3.46736850e+06  1.79806546e-01  3.58878238e-03  3.46736850e+06 -1.79806546e-01 -3.58878238e-03 
 3.54813389e+06  1.79830480e-01  3.66921324e-03  3.54813389e+06 -1.79830480e-01 -3.66921324e-03 
 3.63078055e+06  1.79855501e-01  3.75129672e-03  3.63078055e+06 -1.79855501e-01 -3.75129672e-03 
 3.71535229e+06  1.79881659e-01  3.83505615e-03  3.71535229e+06 -1.79881659e-01 -3.83505615e-03 
 3.80189396e+06  1.79909002e-01  3.92051439e-03  3.80189396e+06 -1.79909002e-01 -3.92051439e-03 
 3.89045145e+06  1.79937583e-01  4.00769379e-03  3.89045145e+06 -1.79937583e-01 -4.00769379e-03 
 3.98107171e+06  1.79967453e-01  4.09661604e-03  3.98107171e+06 -1.79967453e-01 -4.09661604e-03 
 4.07380278e+06  1.79998670e-01  4.18730215e-03  4.07380278e+06 -1.79998670e-01 -4.18730215e-03 
 4.16869383e+06  1.80031290e-01  4.27977234e-03  4.16869383e+06 -1.80031290e-01 -4.27977234e-03 
 4.26579519e+06  1.80065374e-01  4.37404592e-03  4.26579519e+06 -1.80065374e-01 -4.37404592e-03 
 4.36515832e+06  1.80100983e-01  4.47014120e-03  4.36515832e+06 -1.80100983e-01 -4.47014120e-03 
 4.46683592e+06  1.80138182e-01  4.56807542e-03  4.46683592e+06 -1.80138182e-01 -4.56807542e-03 
 4.57088190e+06  1.80177038e-01  4.66786455e-03  4.57088190e+06 -1.80177038e-01 -4.66786455e-03 
 4.67735141e+06  1.80217620e-01  4.76952326e-03  4.67735141e+06 -1.80217620e-01 -4.76952326e-03 
 4.78630092e+06  1.80260000e-01  4.87306470e-03  4.78630092e+06 -1.80260000e-01 -4.87306470e-03 
 4.89778819e+06  1.80304252e-01  4.97850043e-03  4.89778819e+06 -1.80304252e-01 -4.97850043e-03 
 5.01187234e+06  1.80350452e-01  5.08584025e-03  5.01187234e+06 -1.80350452e-01 -5.08584025e-03 
 5.12861384e+06  1.80398679e-01  5.19509200e-03  5.12861384e+06 -1.80398679e-01 -5.19509200e-03 
 5.24807460e+06  1.80449017e-01  5.30626149e-03  5.24807460e+06 -1.80449017e-01 -5.30626149e-03 
 5.37031796e+06  1.80501549e-01  5.41935224e-03  5.37031796e+06 -1.80501549e-01 -5.41935224e-03 
 5.49540874e+06  1.80556362e-01  5.53436533e-03  5.49540874e+06 -1.80556362e-01 -5.53436533e-03 
 5.62341325e+06  1.80613547e-01  5.65129924e-03  5.62341325e+06 -1.80613547e-01 -5.65129924e-03 
 5.75439937e+06  1.80673195e-01  5.77014959e-03  5.75439937e+06 -1.80673195e-01 -5.77014959e-03 
 5.88843655e+06  1.80735403e-01  5.89090900e-03  5.88843655e+06 -1.80735403e-01 -5.89090900e-03 
 6.02559586e+06  1.80800269e-01  6.01356680e-03  6.02559586e+06 -1.80800269e-01 -6.01356680e-03 
 6.16595002e+06  1.80867893e-01  6.13810887e-03  6.16595002e+06 -1.80867893e-01 -6.13810887e-03 
 6.30957344e+06  1.80938378e-01  6.26451735e-03  6.30957344e+06 -1.80938378e-01 -6.26451735e-03 
 6.45654229e+06  1.81011830e-01  6.39277046e-03  6.45654229e+06 -1.81011830e-01 -6.39277046e-03 
 6.60693448e+06  1.81088359e-01  6.52284216e-03  6.60693448e+06 -1.81088359e-01 -6.52284216e-03 
 6.76082975e+06  1.81168074e-01  6.65470196e-03  6.76082975e+06 -1.81168074e-01 -6.65470196e-03 
 6.91830971e+06  1.81251090e-01  6.78831464e-03  6.91830971e+06 -1.81251090e-01 -6.78831464e-03 
 7.07945784e+06  1.81337521e-01  6.92363995e-03  7.07945784e+06 -1.81337521e-01 -6.92363995e-03 
 7.24435960e+06  1.81427487e-01  7.06063232e-03  7.24435960e+06 -1.81427487e-01 -7.06063232e-03 
 7.41310241e+06  1.81521106e-01  7.19924063e-03  7.41310241e+06 -1.81521106e-01 -7.19924063e-03 
 7.58577575e+06  1.81618500e-01  7.33940785e-03  7.58577575e+06 -1.81618500e-01 -7.33940785e-03 
 7.76247117e+06  1.81719793e-01  7.48107079e-03  7.76247117e+06 -1.81719793e-01 -7.48107079e-03 
 7.94328235e+06  1.81825110e-01  7.62415975e-03  7.94328235e+06 -1.81825110e-01 -7.62415975e-03 
 8.12830516e+06  1.81934577e-01  7.76859830e-03  8.12830516e+06 -1.81934577e-01 -7.76859830e-03 
 8.31763771e+06  1.82048320e-01  7.91430290e-03  8.31763771e+06 -1.82048320e-01 -7.91430290e-03 
 8.51138038e+06  1.82166468e-01  8.06118265e-03  8.51138038e+06 -1.82166468e-01 -8.06118265e-03 
 8.70963590e+06  1.82289149e-01  8.20913896e-03  8.70963590e+06 -1.82289149e-01 -8.20913896e-03 
 8.91250938e+06  1.82416491e-01  8.35806534e-03  8.91250938e+06 -1.82416491e-01 -8.35806534e-03 
 9.12010839e+06  1.82548622e-01  8.50784701e-03  9.12010839e+06 -1.82548622e-01 -8.50784701e-03 
 9.33254301e+06  1.82685669e-01  8.65836074e-03  9.33254301e+06 -1.82685669e-01 -8.65836074e-03 
 9.54992586e+06  1.82827758e-01  8.80947452e-03  9.54992586e+06 -1.82827758e-01 -8.80947452e-03 
 9.77237221e+06  1.82975013e-01  8.96104741e-03  9.77237221e+06 -1.82975013e-01 -8.96104741e-03 
 1.00000000e+07  1.83127557e-01  9.11292922e-03  1.00000000e+07 -1.83127557e-01 -9.11292922e-03 
 1.02329299e+07  1.83285508e-01  9.26496042e-03  1.02329299e+07 -1.83285508e-01 -9.26496042e-03 
 1.04712855e+07  1.83448983e-01  9.41697193e-03  1.04712855e+07 -1.83448983e-01 -9.41697193e-03 
 1.07151931e+07  1.83618094e-01  9.56878498e-03  1.07151931e+07 -1.83618094e-01 -9.56878498e-03 
 1.09647820e+07  1.83792949e-01  9.72021106e-03  1.09647820e+07 -1.83792949e-01 -9.72021106e-03 
 1.12201845e+07  1.83973651e-01  9.87105182e-03  1.12201845e+07 -1.83973651e-01 -9.87105182e-03 
 1.14815362e+07  1.84160295e-01  1.00210991e-02  1.14815362e+07 -1.84160295e-01 -1.00210991e-02 
 1.17489755e+07  1.84352973e-01  1.01701349e-02  1.17489755e+07 -1.84352973e-01 -1.01701349e-02 
 1.20226443e+07  1.84551766e-01  1.03179315e-02  1.20226443e+07 -1.84551766e-01 -1.03179315e-02 
 1.23026877e+07  1.84756750e-01  1.04642517e-02  1.23026877e+07 -1.84756750e-01 -1.04642517e-02 
 1.25892541e+07  1.84967991e-01  1.06088489e-02  1.25892541e+07 -1.84967991e-01 -1.06088489e-02 
 1.28824955e+07  1.85185545e-01  1.07514673e-02  1.28824955e+07 -1.85185545e-01 -1.07514673e-02 
 1.31825674e+07  1.85409457e-01  1.08918424e-02  1.31825674e+07 -1.85409457e-01 -1.08918424e-02 
 1.34896288e+07  1.85639762e-01  1.10297013e-02  1.34896288e+07 -1.85639762e-01 -1.10297013e-02 
 1.38038426e+07  1.85876484e-01  1.11647632e-02  1.38038426e+07 -1.85876484e-01 -1.11647632e-02 
 1.41253754e+07  1.86119631e-01  1.12967399e-02  1.41253754e+07 -1.86119631e-01 -1.12967399e-02 
 1.44543977e+07  1.86369200e-01  1.14253365e-02  1.44543977e+07 -1.86369200e-01 -1.14253365e-02 
 1.47910839e+07  1.86625173e-01  1.15502520e-02  1.47910839e+07 -1.86625173e-01 -1.15502520e-02 
 1.51356125e+07  1.86887518e-01  1.16711802e-02  1.51356125e+07 -1.86887518e-01 -1.16711802e-02 
 1.54881662e+07  1.87156186e-01  1.17878103e-02  1.54881662e+07 -1.87156186e-01 -1.17878103e-02 
 1.58489319e+07  1.87431112e-01  1.18998283e-02  1.58489319e+07 -1.87431112e-01 -1.18998283e-02 
 1.62181010e+07  1.87712215e-01  1.20069172e-02  1.62181010e+07 -1.87712215e-01 -1.20069172e-02 
 1.65958691e+07  1.87999396e-01  1.21087589e-02  1.65958691e+07 -1.87999396e-01 -1.21087589e-02 
 1.69824365e+07  1.88292540e-01  1.22050349e-02  1.69824365e+07 -1.88292540e-01 -1.22050349e-02 
 1.73780083e+07  1.88591513e-01  1.22954275e-02  1.73780083e+07 -1.88591513e-01 -1.22954275e-02 
 1.77827941e+07  1.88896162e-01  1.23796210e-02  1.77827941e+07 -1.88896162e-01 -1.23796210e-02 
 1.81970086e+07  1.89206317e-01  1.24573032e-02  1.81970086e+07 -1.89206317e-01 -1.24573032e-02 
 1.86208714e+07  1.89521789e-01  1.25281663e-02  1.86208714e+07 -1.89521789e-01 -1.25281663e-02 
 1.90546072e+07  1.89842371e-01  1.25919089e-02  1.90546072e+07 -1.89842371e-01 -1.25919089e-02 
 1.94984460e+07  1.90167839e-01  1.26482365e-02  1.94984460e+07 -1.90167839e-01 -1.26482365e-02 
 1.99526231e+07  1.90497951e-01  1.26968636e-02  1.99526231e+07 -1.90497951e-01 -1.26968636e-02 
 2.04173794e+07  1.90832446e-01  1.27375147e-02  2.04173794e+07 -1.90832446e-01 -1.27375147e-02 
 2.08929613e+07  1.91171048e-01  1.27699255e-02  2.08929613e+07 -1.91171048e-01 -1.27699255e-02 
 2.13796209e+07  1.91513466e-01  1.27938446e-02  2.13796209e+07 -1.91513466e-01 -1.27938446e-02 
 2.18776162e+07  1.91859392e-01  1.28090343e-02  2.18776162e+07 -1.91859392e-01 -1.28090343e-02 
 2.23872114e+07  1.92208505e-01  1.28152722e-02  2.23872114e+07 -1.92208505e-01 -1.28152722e-02 
 2.29086765e+07  1.92560469e-01  1.28123520e-02  2.29086765e+07 -1.92560469e-01 -1.28123520e-02 
 2.34422882e+07  1.92914940e-01  1.28000847e-02  2.34422882e+07 -1.92914940e-01 -1.28000847e-02 
 2.39883292e+07  1.93271559e-01  1.27782994e-02  2.39883292e+07 -1.93271559e-01 -1.27782994e-02 
 2.45470892e+07  1.93629960e-01  1.27468443e-02  2.45470892e+07 -1.93629960e-01 -1.27468443e-02 
 2.51188643e+07  1.93989768e-01  1.27055872e-02  2.51188643e+07 -1.93989768e-01 -1.27055872e-02 
 2.57039578e+07  1.94350603e-01  1.26544166e-02  2.57039578e+07 -1.94350603e-01 -1.26544166e-02 
 2.63026799e+07  1.94712078e-01  1.25932413e-02  2.63026799e+07 -1.94712078e-01 -1.25932413e-02 
 2.69153480e+07  1.95073805e-01  1.25219916e-02  2.69153480e+07 -1.95073805e-01 -1.25219916e-02 
 2.75422870e+07  1.95435393e-01  1.24406189e-02  2.75422870e+07 -1.95435393e-01 -1.24406189e-02 
 2.81838293e+07  1.95796450e-01  1.23490959e-02  2.81838293e+07 -1.95796450e-01 -1.23490959e-02 
 2.88403150e+07  1.96156587e-01  1.22474167e-02  2.88403150e+07 -1.96156587e-01 -1.22474167e-02 
 2.95120923e+07  1.96515419e-01  1.21355962e-02  2.95120923e+07 -1.96515419e-01 -1.21355962e-02 
 3.01995172e+07  1.96872563e-01  1.20136700e-02  3.01995172e+07 -1.96872563e-01 -1.20136700e-02 
 3.09029543e+07  1.97227644e-01  1.18816938e-02  3.09029543e+07 -1.97227644e-01 -1.18816938e-02 
 3.16227766e+07  1.97580295e-01  1.17397425e-02  3.16227766e+07 -1.97580295e-01 -1.17397425e-02 
 3.23593657e+07  1.97930158e-01  1.15879100e-02  3.23593657e+07 -1.97930158e-01 -1.15879100e-02 
 3.31131121e+07  1.98276884e-01  1.14263075e-02  3.31131121e+07 -1.98276884e-01 -1.14263075e-02 
 3.38844156e+07  1.98620137e-01  1.12550632e-02  3.38844156e+07 -1.98620137e-01 -1.12550632e-02 
 3.46736850e+07  1.98959595e-01  1.10743210e-02  3.46736850e+07 -1.98959595e-01 -1.10743210e-02 
 3.54813389e+07  1.99294947e-01  1.08842392e-02  3.54813389e+07 -1.99294947e-01 -1.08842392e-02 
 3.63078055e+07  1.99625899e-01  1.06849893e-02  3.63078055e+07 -1.99625899e-01 -1.06849893e-02 
 3.71535229e+07  1.99952171e-01  1.04767548e-02  3.71535229e+07 -1.99952171e-01 -1.04767548e-02 
 3.80189396e+07  2.00273501e-01  1.02597297e-02  3.80189396e+07 -2.00273501e-01 -1.02597297e-02 
 3.89045145e+07  2.00589642e-01  1.00341175e-02  3.89045145e+07 -2.00589642e-01 -1.00341175e-02 
 3.98107171e+07  2.00900365e-01  9.80012923e-03  3.98107171e+07 -2.00900365e-01 -9.80012923e-03 
 4.07380278e+07  2.01205459e-01  9.55798259e-03  4.07380278e+07 -2.01205459e-01 -9.55798259e-03 
 4.16869383e+07  2.01504728e-01  9.30790025e-03  4.16869383e+07 -2.01504728e-01 -9.30790025e-03 
 4.26579519e+07  2.01797997e-01  9.05010857e-03  4.26579519e+07 -2.01797997e-01 -9.05010857e-03 
 4.36515832e+07  2.02085107e-01  8.78483627e-03  4.36515832e+07 -2.02085107e-01 -8.78483627e-03 
 4.46683592e+07  2.02365916e-01  8.51231309e-03  4.46683592e+07 -2.02365916e-01 -8.51231309e-03 
 4.57088190e+07  2.02640300e-01  8.23276853e-03  4.57088190e+07 -2.02640300e-01 -8.23276853e-03 
 4.67735141e+07  2.02908152e-01  7.94643066e-03  4.67735141e+07 -2.02908152e-01 -7.94643066e-03 
 4.78630092e+07  2.03169380e-01  7.65352494e-03  4.78630092e+07 -2.03169380e-01 -7.65352494e-03 
 4.89778819e+07  2.03423910e-01  7.35427314e-03  4.89778819e+07 -2.03423910e-01 -7.35427314e-03 
 5.01187234e+07  2.03671681e-01  7.04889232e-03  5.01187234e+07 -2.03671681e-01 -7.04889232e-03 
 5.12861384e+07  2.03912649e-01  6.73759387e-03  5.12861384e+07 -2.03912649e-01 -6.73759387e-03 
 5.24807460e+07  2.04146781e-01  6.42058267e-03  5.24807460e+07 -2.04146781e-01 -6.42058267e-03 
 5.37031796e+07  2.04374061e-01  6.09805623e-03  5.37031796e+07 -2.04374061e-01 -6.09805623e-03 
 5.49540874e+07  2.04594482e-01  5.77020401e-03  5.49540874e+07 -2.04594482e-01 -5.77020401e-03 
 5.62341325e+07  2.04808052e-01  5.43720678e-03  5.62341325e+07 -2.04808052e-01 -5.43720678e-03 
 5.75439937e+07  2.05014785e-01  5.09923600e-03  5.75439937e+07 -2.05014785e-01 -5.09923600e-03 
 5.88843655e+07  2.05214711e-01  4.75645336e-03  5.88843655e+07 -2.05214711e-01 -4.75645336e-03 
 6.02559586e+07  2.05407866e-01  4.40901034e-03  6.02559586e+07 -2.05407866e-01 -4.40901034e-03 
 6.16595002e+07  2.05594293e-01  4.05704783e-03  6.16595002e+07 -2.05594293e-01 -4.05704783e-03 
 6.30957344e+07  2.05774045e-01  3.70069586e-03  6.30957344e+07 -2.05774045e-01 -3.70069586e-03 
 6.45654229e+07  2.05947182e-01  3.34007336e-03  6.45654229e+07 -2.05947182e-01 -3.34007336e-03 
 6.60693448e+07  2.06113768e-01  2.97528798e-03  6.60693448e+07 -2.06113768e-01 -2.97528798e-03 
 6.76082975e+07  2.06273874e-01  2.60643596e-03  6.76082975e+07 -2.06273874e-01 -2.60643596e-03 
 6.91830971e+07  2.06427573e-01  2.23360209e-03  6.91830971e+07 -2.06427573e-01 -2.23360209e-03 
 7.07945784e+07  2.06574945e-01  1.85685964e-03  7.07945784e+07 -2.06574945e-01 -1.85685964e-03 
 7.24435960e+07  2.06716069e-01  1.47627043e-03  7.24435960e+07 -2.06716069e-01 -1.47627043e-03 
 7.41310241e+07  2.06851030e-01  1.09188485e-03  7.41310241e+07 -2.06851030e-01 -1.09188485e-03 
 7.58577575e+07  2.06979912e-01  7.03741973e-04  7.58577575e+07 -2.06979912e-01 -7.03741973e-04 
 7.76247117e+07  2.07102801e-01  3.11869664e-04  7.76247117e+07 -2.07102801e-01 -3.11869664e-04 
 7.94328235e+07  2.07219783e-01 -8.37152523e-05  7.94328235e+07 -2.07219783e-01  8.37152523e-05 
 8.12830516e+07  2.07330944e-01 -4.83006827e-04  8.12830516e+07 -2.07330944e-01  4.83006827e-04 
 8.31763771e+07  2.07436368e-01 -8.86009789e-04  8.31763771e+07 -2.07436368e-01  8.86009789e-04 
 8.51138038e+07  2.07536141e-01 -1.29273933e-03  8.51138038e+07 -2.07536141e-01  1.29273933e-03 
 8.70963590e+07  2.07630342e-01 -1.70322087e-03  8.70963590e+07 -2.07630342e-01  1.70322087e-03 
 8.91250938e+07  2.07719053e-01 -2.11748984e-03  8.91250938e+07 -2.07719053e-01  2.11748984e-03 
 9.12010839e+07  2.07802349e-01 -2.53559140e-03  9.12010839e+07 -2.07802349e-01  2.53559140e-03 
 9.33254301e+07  2.07880305e-01 -2.95758020e-03  9.33254301e+07 -2.07880305e-01  2.95758020e-03 
 9.54992586e+07  2.07952991e-01 -3.38352011e-03  9.54992586e+07 -2.07952991e-01  3.38352011e-03 
 9.77237221e+07  2.08020473e-01 -3.81348396e-03  9.77237221e+07 -2.08020473e-01  3.81348396e-03 
 1.00000000e+08  2.08082814e-01 -4.24755327e-03  1.00000000e+08 -2.08082814e-01  4.24755327e-03 
 1.02329299e+08  2.08140070e-01 -4.68581798e-03  1.02329299e+08 -2.08140070e-01  4.68581798e-03 
 1.04712855e+08  2.08192295e-01 -5.12837616e-03  1.04712855e+08 -2.08192295e-01  5.12837616e-03 
 1.07151931e+08  2.08239536e-01 -5.57533379e-03  1.07151931e+08 -2.08239536e-01  5.57533379e-03 
 1.09647820e+08  2.08281836e-01 -6.02680445e-03  1.09647820e+08 -2.08281836e-01  6.02680445e-03 
 1.12201845e+08  2.08319230e-01 -6.48290908e-03  1.12201845e+08 -2.08319230e-01  6.48290908e-03 
 1.14815362e+08  2.08351750e-01 -6.94377571e-03  1.14815362e+08 -2.08351750e-01  6.94377571e-03 
 1.17489755e+08  2.08379420e-01 -7.40953922e-03  1.17489755e+08 -2.08379420e-01  7.40953922e-03 
 1.20226443e+08  2.08402258e-01 -7.88034108e-03  1.20226443e+08 -2.08402258e-01  7.88034108e-03 
 1.23026877e+08  2.08420275e-01 -8.35632912e-03  1.23026877e+08 -2.08420275e-01  8.35632912e-03 
 1.25892541e+08  2.08433476e-01 -8.83765726e-03  1.25892541e+08 -2.08433476e-01  8.83765726e-03 
 1.28824955e+08  2.08441859e-01 -9.32448530e-03  1.28824955e+08 -2.08441859e-01  9.32448530e-03 
 1.31825674e+08  2.08445413e-01 -9.81697866e-03  1.31825674e+08 -2.08445413e-01  9.81697866e-03 
 1.34896288e+08  2.08444122e-01 -1.03153082e-02  1.34896288e+08 -2.08444122e-01  1.03153082e-02 
 1.38038426e+08  2.08437961e-01 -1.08196499e-02  1.38038426e+08 -2.08437961e-01  1.08196499e-02 
 1.41253754e+08  2.08426897e-01 -1.13301848e-02  1.41253754e+08 -2.08426897e-01  1.13301848e-02 
 1.44543977e+08  2.08410890e-01 -1.18470986e-02  1.44543977e+08 -2.08410890e-01  1.18470986e-02 
 1.47910839e+08  2.08389891e-01 -1.23705816e-02  1.47910839e+08 -2.08389891e-01  1.23705816e-02 
 1.51356125e+08  2.08363842e-01 -1.29008282e-02  1.51356125e+08 -2.08363842e-01  1.29008282e-02 
 1.54881662e+08  2.08332679e-01 -1.34380371e-02  1.54881662e+08 -2.08332679e-01  1.34380371e-02 
 1.58489319e+08  2.08296325e-01 -1.39824108e-02  1.58489319e+08 -2.08296325e-01  1.39824108e-02 
 1.62181010e+08  2.08254698e-01 -1.45341554e-02  1.62181010e+08 -2.08254698e-01  1.45341554e-02 
 1.65958691e+08  2.08207704e-01 -1.50934805e-02  1.65958691e+08 -2.08207704e-01  1.50934805e-02 
 1.69824365e+08  2.08155240e-01 -1.56605987e-02  1.69824365e+08 -2.08155240e-01  1.56605987e-02 
 1.73780083e+08  2.08097195e-01 -1.62357259e-02  1.73780083e+08 -2.08097195e-01  1.62357259e-02 
 1.77827941e+08  2.08033445e-01 -1.68190804e-02  1.77827941e+08 -2.08033445e-01  1.68190804e-02 
 1.81970086e+08  2.07963858e-01 -1.74108831e-02  1.81970086e+08 -2.07963858e-01  1.74108831e-02 
 1.86208714e+08  2.07888292e-01 -1.80113572e-02  1.86208714e+08 -2.07888292e-01  1.80113572e-02 
 1.90546072e+08  2.07806592e-01 -1.86207277e-02  1.90546072e+08 -2.07806592e-01  1.86207277e-02 
 1.94984460e+08  2.07718593e-01 -1.92392214e-02  1.94984460e+08 -2.07718593e-01  1.92392214e-02 
 1.99526231e+08  2.07624120e-01 -1.98670666e-02  1.99526231e+08 -2.07624120e-01  1.98670666e-02 
 2.04173794e+08  2.07522984e-01 -2.05044925e-02  2.04173794e+08 -2.07522984e-01  2.05044925e-02 
 2.08929613e+08  2.07414986e-01 -2.11517291e-02  2.08929613e+08 -2.07414986e-01  2.11517291e-02 
 2.13796209e+08  2.07299914e-01 -2.18090071e-02  2.13796209e+08 -2.07299914e-01  2.18090071e-02 
 2.18776162e+08  2.07177544e-01 -2.24765571e-02  2.18776162e+08 -2.07177544e-01  2.24765571e-02 
 2.23872114e+08  2.07047639e-01 -2.31546094e-02  2.23872114e+08 -2.07047639e-01  2.31546094e-02 
 2.29086765e+08  2.06909949e-01 -2.38433939e-02  2.29086765e+08 -2.06909949e-01  2.38433939e-02 
 2.34422882e+08  2.06764208e-01 -2.45431392e-02  2.34422882e+08 -2.06764208e-01  2.45431392e-02 
 2.39883292e+08  2.06610141e-01 -2.52540724e-02  2.39883292e+08 -2.06610141e-01  2.52540724e-02 
 2.45470892e+08  2.06447456e-01 -2.59764188e-02  2.45470892e+08 -2.06447456e-01  2.59764188e-02 
 2.51188643e+08  2.06275845e-01 -2.67104011e-02  2.51188643e+08 -2.06275845e-01  2.67104011e-02 
 2.57039578e+08  2.06094989e-01 -2.74562391e-02  2.57039578e+08 -2.06094989e-01  2.74562391e-02 
 2.63026799e+08  2.05904550e-01 -2.82141488e-02  2.63026799e+08 -2.05904550e-01  2.82141488e-02 
 2.69153480e+08  2.05704177e-01 -2.89843424e-02  2.69153480e+08 -2.05704177e-01  2.89843424e-02 
 2.75422870e+08  2.05493502e-01 -2.97670271e-02  2.75422870e+08 -2.05493502e-01  2.97670271e-02 
 2.81838293e+08  2.05272141e-01 -3.05624046e-02  2.81838293e+08 -2.05272141e-01  3.05624046e-02 
 2.88403150e+08  2.05039693e-01 -3.13706707e-02  2.88403150e+08 -2.05039693e-01  3.13706707e-02 
 2.95120923e+08  2.04795741e-01 -3.21920141e-02  2.95120923e+08 -2.04795741e-01  3.21920141e-02 
 3.01995172e+08  2.04539849e-01 -3.30266157e-02  3.01995172e+08 -2.04539849e-01  3.30266157e-02 
 3.09029543e+08  2.04271566e-01 -3.38746480e-02  3.09029543e+08 -2.04271566e-01  3.38746480e-02 
 3.16227766e+08  2.03990422e-01 -3.47362739e-02  3.16227766e+08 -2.03990422e-01  3.47362739e-02 
 3.23593657e+08  2.03695926e-01 -3.56116462e-02  3.23593657e+08 -2.03695926e-01  3.56116462e-02 
 3.31131121e+08  2.03387574e-01 -3.65009059e-02  3.31131121e+08 -2.03387574e-01  3.65009059e-02 
 3.38844156e+08  2.03064838e-01 -3.74041819e-02  3.38844156e+08 -2.03064838e-01  3.74041819e-02 
 3.46736850e+08  2.02727175e-01 -3.83215892e-02  3.46736850e+08 -2.02727175e-01  3.83215892e-02 
 3.54813389e+08  2.02374022e-01 -3.92532284e-02  3.54813389e+08 -2.02374022e-01  3.92532284e-02 
 3.63078055e+08  2.02004796e-01 -4.01991839e-02  3.63078055e+08 -2.02004796e-01  4.01991839e-02 
 3.71535229e+08  2.01618895e-01 -4.11595231e-02  3.71535229e+08 -2.01618895e-01  4.11595231e-02 
 3.80189396e+08  2.01215698e-01 -4.21342946e-02  3.80189396e+08 -2.01215698e-01  4.21342946e-02 
 3.89045145e+08  2.00794565e-01 -4.31235272e-02  3.89045145e+08 -2.00794565e-01  4.31235272e-02 
 3.98107171e+08  2.00354837e-01 -4.41272282e-02  3.98107171e+08 -2.00354837e-01  4.41272282e-02 
 4.07380278e+08  1.99895836e-01 -4.51453818e-02  4.07380278e+08 -1.99895836e-01  4.51453818e-02 
 4.16869383e+08  1.99416864e-01 -4.61779478e-02  4.16869383e+08 -1.99416864e-01  4.61779478e-02 
 4.26579519e+08  1.98917207e-01 -4.72248599e-02  4.26579519e+08 -1.98917207e-01  4.72248599e-02 
 4.36515832e+08  1.98396131e-01 -4.82860236e-02  4.36515832e+08 -1.98396131e-01  4.82860236e-02 
 4.46683592e+08  1.97852885e-01 -4.93613151e-02  4.46683592e+08 -1.97852885e-01  4.93613151e-02 
 4.57088190e+08  1.97286702e-01 -5.04505788e-02  4.57088190e+08 -1.97286702e-01  5.04505788e-02 
 4.67735141e+08  1.96696797e-01 -5.15536260e-02  4.67735141e+08 -1.96696797e-01  5.15536260e-02 
 4.78630092e+08  1.96082372e-01 -5.26702328e-02  4.78630092e+08 -1.96082372e-01  5.26702328e-02 
 4.89778819e+08  1.95442613e-01 -5.38001382e-02  4.89778819e+08 -1.95442613e-01  5.38001382e-02 
 5.01187234e+08  1.94776694e-01 -5.49430419e-02  5.01187234e+08 -1.94776694e-01  5.49430419e-02 
 5.12861384e+08  1.94083776e-01 -5.60986027e-02  5.12861384e+08 -1.94083776e-01  5.60986027e-02 
 5.24807460e+08  1.93363011e-01 -5.72664362e-02  5.24807460e+08 -1.93363011e-01  5.72664362e-02 
 5.37031796e+08  1.92613541e-01 -5.84461132e-02  5.37031796e+08 -1.92613541e-01  5.84461132e-02 
 5.49540874e+08  1.91834502e-01 -5.96371571e-02  5.49540874e+08 -1.91834502e-01  5.96371571e-02 
 5.62341325e+08  1.91025024e-01 -6.08390424e-02  5.62341325e+08 -1.91025024e-01  6.08390424e-02 
 5.75439937e+08  1.90184235e-01 -6.20511925e-02  5.75439937e+08 -1.90184235e-01  6.20511925e-02 
 5.88843655e+08  1.89311263e-01 -6.32729781e-02  5.88843655e+08 -1.89311263e-01  6.32729781e-02 
 6.02559586e+08  1.88405236e-01 -6.45037151e-02  6.02559586e+08 -1.88405236e-01  6.45037151e-02 
 6.16595002e+08  1.87465290e-01 -6.57426627e-02  6.16595002e+08 -1.87465290e-01  6.57426627e-02 
 6.30957344e+08  1.86490567e-01 -6.69890223e-02  6.30957344e+08 -1.86490567e-01  6.69890223e-02 
 6.45654229e+08  1.85480221e-01 -6.82419357e-02  6.45654229e+08 -1.85480221e-01  6.82419357e-02 
 6.60693448e+08  1.84433420e-01 -6.95004833e-02  6.60693448e+08 -1.84433420e-01  6.95004833e-02 
 6.76082975e+08  1.83349352e-01 -7.07636836e-02  6.76082975e+08 -1.83349352e-01  7.07636836e-02 
 6.91830971e+08  1.82227227e-01 -7.20304919e-02  6.91830971e+08 -1.82227227e-01  7.20304919e-02 
 7.07945784e+08  1.81066279e-01 -7.32997992e-02  7.07945784e+08 -1.81066279e-01  7.32997992e-02 
 7.24435960e+08  1.79865777e-01 -7.45704320e-02  7.24435960e+08 -1.79865777e-01  7.45704320e-02 
 7.41310241e+08  1.78625023e-01 -7.58411522e-02  7.41310241e+08 -1.78625023e-01  7.58411522e-02 
 7.58577575e+08  1.77343358e-01 -7.71106563e-02  7.58577575e+08 -1.77343358e-01  7.71106563e-02 
 7.76247117e+08  1.76020171e-01 -7.83775769e-02  7.76247117e+08 -1.76020171e-01  7.83775769e-02 
 7.94328235e+08  1.74654899e-01 -7.96404822e-02  7.94328235e+08 -1.74654899e-01  7.96404822e-02 
 8.12830516e+08  1.73247034e-01 -8.08978780e-02  8.12830516e+08 -1.73247034e-01  8.08978780e-02 
 8.31763771e+08  1.71796131e-01 -8.21482089e-02  8.31763771e+08 -1.71796131e-01  8.21482089e-02 
 8.51138038e+08  1.70301808e-01 -8.33898599e-02  8.51138038e+08 -1.70301808e-01  8.33898599e-02 
 8.70963590e+08  1.68763756e-01 -8.46211591e-02  8.70963590e+08 -1.68763756e-01  8.46211591e-02 
 8.91250938e+08  1.67181742e-01 -8.58403805e-02  8.91250938e+08 -1.67181742e-01  8.58403805e-02 
 9.12010839e+08  1.65555614e-01 -8.70457475e-02  9.12010839e+08 -1.65555614e-01  8.70457475e-02 
 9.33254301e+08  1.63885308e-01 -8.82354361e-02  9.33254301e+08 -1.63885308e-01  8.82354361e-02 
 9.54992586e+08  1.62170854e-01 -8.94075801e-02  9.54992586e+08 -1.62170854e-01  8.94075801e-02 
 9.77237221e+08  1.60412377e-01 -9.05602752e-02  9.77237221e+08 -1.60412377e-01  9.05602752e-02 
 1.00000000e+09  1.58610103e-01 -9.16915852e-02  1.00000000e+09 -1.58610103e-01  9.16915852e-02 
