 6.00000000e+10 -3.52676192e+01  6.00000000e+10 -4.25243000e-01 
 6.02010050e+10 -3.53861586e+01  6.02010050e+10 -4.25424172e-01 
 6.04020101e+10 -3.55047004e+01  6.04020101e+10 -4.25606388e-01 
 6.06030151e+10 -3.56232445e+01  6.06030151e+10 -4.25789651e-01 
 6.08040201e+10 -3.57417908e+01  6.08040201e+10 -4.25973964e-01 
 6.10050251e+10 -3.58603394e+01  6.10050251e+10 -4.26159328e-01 
 6.12060302e+10 -3.59788902e+01  6.12060302e+10 -4.26345748e-01 
 6.14070352e+10 -3.60974433e+01  6.14070352e+10 -4.26533226e-01 
 6.16080402e+10 -3.62159985e+01  6.16080402e+10 -4.26721764e-01 
 6.18090452e+10 -3.63345559e+01  6.18090452e+10 -4.26911365e-01 
 6.20100503e+10 -3.64531155e+01  6.20100503e+10 -4.27102032e-01 
 6.22110553e+10 -3.65716773e+01  6.22110553e+10 -4.27293767e-01 
 6.24120603e+10 -3.66902411e+01  6.24120603e+10 -4.27486573e-01 
 6.26130653e+10 -3.68088071e+01  6.26130653e+10 -4.27680453e-01 
 6.28140704e+10 -3.69273752e+01  6.28140704e+10 -4.27875409e-01 
 6.30150754e+10 -3.70459453e+01  6.30150754e+10 -4.28071443e-01 
 6.32160804e+10 -3.71645175e+01  6.32160804e+10 -4.28268559e-01 
 6.34170854e+10 -3.72830918e+01  6.34170854e+10 -4.28466759e-01 
 6.36180905e+10 -3.74016680e+01  6.36180905e+10 -4.28666044e-01 
 6.38190955e+10 -3.75202463e+01  6.38190955e+10 -4.28866419e-01 
 6.40201005e+10 -3.76388265e+01  6.40201005e+10 -4.29067885e-01 
 6.42211055e+10 -3.77574087e+01  6.42211055e+10 -4.29270444e-01 
 6.44221106e+10 -3.78759928e+01  6.44221106e+10 -4.29474099e-01 
 6.46231156e+10 -3.79945789e+01  6.46231156e+10 -4.29678854e-01 
 6.48241206e+10 -3.81131668e+01  6.48241206e+10 -4.29884708e-01 
 6.50251256e+10 -3.82317567e+01  6.50251256e+10 -4.30091667e-01 
 6.52261307e+10 -3.83503483e+01  6.52261307e+10 -4.30299730e-01 
 6.54271357e+10 -3.84689419e+01  6.54271357e+10 -4.30508902e-01 
 6.56281407e+10 -3.85875372e+01  6.56281407e+10 -4.30719184e-01 
 6.58291457e+10 -3.87061344e+01  6.58291457e+10 -4.30930579e-01 
 6.60301508e+10 -3.88247333e+01  6.60301508e+10 -4.31143088e-01 
 6.62311558e+10 -3.89433340e+01  6.62311558e+10 -4.31356715e-01 
 6.64321608e+10 -3.90619364e+01  6.64321608e+10 -4.31571461e-01 
 6.66331658e+10 -3.91805405e+01  6.66331658e+10 -4.31787328e-01 
 6.68341709e+10 -3.92991463e+01  6.68341709e+10 -4.32004319e-01 
 6.70351759e+10 -3.94177538e+01  6.70351759e+10 -4.32222436e-01 
 6.72361809e+10 -3.95363629e+01  6.72361809e+10 -4.32441681e-01 
 6.74371859e+10 -3.96549737e+01  6.74371859e+10 -4.32662056e-01 
 6.76381910e+10 -3.97735860e+01  6.76381910e+10 -4.32883563e-01 
 6.78391960e+10 -3.98922000e+01  6.78391960e+10 -4.33106205e-01 
 6.80402010e+10 -4.00108155e+01  6.80402010e+10 -4.33329983e-01 
 6.82412060e+10 -4.01294325e+01  6.82412060e+10 -4.33554899e-01 
 6.84422111e+10 -4.02480510e+01  6.84422111e+10 -4.33780956e-01 
 6.86432161e+10 -4.03666710e+01  6.86432161e+10 -4.34008155e-01 
 6.88442211e+10 -4.04852925e+01  6.88442211e+10 -4.34236498e-01 
 6.90452261e+10 -4.06039154e+01  6.90452261e+10 -4.34465987e-01 
 6.92462312e+10 -4.07225398e+01  6.92462312e+10 -4.34696625e-01 
 6.94472362e+10 -4.08411655e+01  6.94472362e+10 -4.34928413e-01 
 6.96482412e+10 -4.09597926e+01  6.96482412e+10 -4.35161353e-01 
 6.98492462e+10 -4.10784211e+01  6.98492462e+10 -4.35395446e-01 
 7.00502513e+10 -4.11970509e+01  7.00502513e+10 -4.35630695e-01 
 7.02512563e+10 -4.13156820e+01  7.02512563e+10 -4.35867102e-01 
 7.04522613e+10 -4.14343143e+01  7.04522613e+10 -4.36104668e-01 
 7.06532663e+10 -4.15529479e+01  7.06532663e+10 -4.36343394e-01 
 7.08542714e+10 -4.16715827e+01  7.08542714e+10 -4.36583283e-01 
 7.10552764e+10 -4.17902187e+01  7.10552764e+10 -4.36824337e-01 
 7.12562814e+10 -4.19088559e+01  7.12562814e+10 -4.37066556e-01 
 7.14572864e+10 -4.20274943e+01  7.14572864e+10 -4.37309943e-01 
 7.16582915e+10 -4.21461337e+01  7.16582915e+10 -4.37554499e-01 
 7.18592965e+10 -4.22647743e+01  7.18592965e+10 -4.37800226e-01 
 7.20603015e+10 -4.23834159e+01  7.20603015e+10 -4.38047125e-01 
 7.22613065e+10 -4.25020586e+01  7.22613065e+10 -4.38295198e-01 
 7.24623116e+10 -4.26207023e+01  7.24623116e+10 -4.38544447e-01 
 7.26633166e+10 -4.27393470e+01  7.26633166e+10 -4.38794872e-01 
 7.28643216e+10 -4.28579926e+01  7.28643216e+10 -4.39046476e-01 
 7.30653266e+10 -4.29766392e+01  7.30653266e+10 -4.39299260e-01 
 7.32663317e+10 -4.30952867e+01  7.32663317e+10 -4.39553225e-01 
 7.34673367e+10 -4.32139351e+01  7.34673367e+10 -4.39808372e-01 
 7.36683417e+10 -4.33325844e+01  7.36683417e+10 -4.40064703e-01 
 7.38693467e+10 -4.34512345e+01  7.38693467e+10 -4.40322219e-01 
 7.40703518e+10 -4.35698854e+01  7.40703518e+10 -4.40580922e-01 
 7.42713568e+10 -4.36885371e+01  7.42713568e+10 -4.40840813e-01 
 7.44723618e+10 -4.38071895e+01  7.44723618e+10 -4.41101893e-01 
 7.46733668e+10 -4.39258427e+01  7.46733668e+10 -4.41364162e-01 
 7.48743719e+10 -4.40444965e+01  7.48743719e+10 -4.41627624e-01 
 7.50753769e+10 -4.41631511e+01  7.50753769e+10 -4.41892277e-01 
 7.52763819e+10 -4.42818062e+01  7.52763819e+10 -4.42158125e-01 
 7.54773869e+10 -4.44004620e+01  7.54773869e+10 -4.42425167e-01 
 7.56783920e+10 -4.45191184e+01  7.56783920e+10 -4.42693404e-01 
 7.58793970e+10 -4.46377753e+01  7.58793970e+10 -4.42962839e-01 
 7.60804020e+10 -4.47564328e+01  7.60804020e+10 -4.43233472e-01 
 7.62814070e+10 -4.48750907e+01  7.62814070e+10 -4.43505303e-01 
 7.64824121e+10 -4.49937492e+01  7.64824121e+10 -4.43778334e-01 
 7.66834171e+10 -4.51124080e+01  7.66834171e+10 -4.44052565e-01 
 7.68844221e+10 -4.52310673e+01  7.68844221e+10 -4.44327998e-01 
 7.70854271e+10 -4.53497270e+01  7.70854271e+10 -4.44604634e-01 
 7.72864322e+10 -4.54683870e+01  7.72864322e+10 -4.44882473e-01 
 7.74874372e+10 -4.55870474e+01  7.74874372e+10 -4.45161515e-01 
 7.76884422e+10 -4.57057081e+01  7.76884422e+10 -4.45441763e-01 
 7.78894472e+10 -4.58243690e+01  7.78894472e+10 -4.45723216e-01 
 7.80904523e+10 -4.59430302e+01  7.80904523e+10 -4.46005875e-01 
 7.82914573e+10 -4.60616915e+01  7.82914573e+10 -4.46289741e-01 
 7.84924623e+10 -4.61803531e+01  7.84924623e+10 -4.46574814e-01 
 7.86934673e+10 -4.62990148e+01  7.86934673e+10 -4.46861095e-01 
 7.88944724e+10 -4.64176766e+01  7.88944724e+10 -4.47148585e-01 
 7.90954774e+10 -4.65363385e+01  7.90954774e+10 -4.47437285e-01 
 7.92964824e+10 -4.66550005e+01  7.92964824e+10 -4.47727193e-01 
 7.94974874e+10 -4.67736625e+01  7.94974874e+10 -4.48018312e-01 
 7.96984925e+10 -4.68923245e+01  7.96984925e+10 -4.48310642e-01 
 7.98994975e+10 -4.70109865e+01  7.98994975e+10 -4.48604183e-01 
 8.01005025e+10 -4.71296484e+01  8.01005025e+10 -4.48898935e-01 
 8.03015075e+10 -4.72483103e+01  8.03015075e+10 -4.49194898e-01 
 8.05025126e+10 -4.73669720e+01  8.05025126e+10 -4.49492074e-01 
 8.07035176e+10 -4.74856335e+01  8.07035176e+10 -4.49790462e-01 
 8.09045226e+10 -4.76042949e+01  8.09045226e+10 -4.50090063e-01 
 8.11055276e+10 -4.77229560e+01  8.11055276e+10 -4.50390876e-01 
 8.13065327e+10 -4.78416169e+01  8.13065327e+10 -4.50692902e-01 
 8.15075377e+10 -4.79602776e+01  8.15075377e+10 -4.50996142e-01 
 8.17085427e+10 -4.80789379e+01  8.17085427e+10 -4.51300594e-01 
 8.19095477e+10 -4.81975978e+01  8.19095477e+10 -4.51606260e-01 
 8.21105528e+10 -4.83162574e+01  8.21105528e+10 -4.51913139e-01 
 8.23115578e+10 -4.84349166e+01  8.23115578e+10 -4.52221232e-01 
 8.25125628e+10 -4.85535754e+01  8.25125628e+10 -4.52530538e-01 
 8.27135678e+10 -4.86722337e+01  8.27135678e+10 -4.52841057e-01 
 8.29145729e+10 -4.87908915e+01  8.29145729e+10 -4.53152789e-01 
 8.31155779e+10 -4.89095487e+01  8.31155779e+10 -4.53465734e-01 
 8.33165829e+10 -4.90282054e+01  8.33165829e+10 -4.53779892e-01 
 8.35175879e+10 -4.91468615e+01  8.35175879e+10 -4.54095262e-01 
 8.37185930e+10 -4.92655170e+01  8.37185930e+10 -4.54411845e-01 
 8.39195980e+10 -4.93841718e+01  8.39195980e+10 -4.54729640e-01 
 8.41206030e+10 -4.95028259e+01  8.41206030e+10 -4.55048647e-01 
 8.43216080e+10 -4.96214793e+01  8.43216080e+10 -4.55368865e-01 
 8.45226131e+10 -4.97401319e+01  8.45226131e+10 -4.55690295e-01 
 8.47236181e+10 -4.98587837e+01  8.47236181e+10 -4.56012935e-01 
 8.49246231e+10 -4.99774348e+01  8.49246231e+10 -4.56336785e-01 
 8.51256281e+10 -5.00960849e+01  8.51256281e+10 -4.56661845e-01 
 8.53266332e+10 -5.02147342e+01  8.53266332e+10 -4.56988115e-01 
 8.55276382e+10 -5.03333825e+01  8.55276382e+10 -4.57315593e-01 
 8.57286432e+10 -5.04520299e+01  8.57286432e+10 -4.57644279e-01 
 8.59296482e+10 -5.05706763e+01  8.59296482e+10 -4.57974172e-01 
 8.61306533e+10 -5.06893217e+01  8.61306533e+10 -4.58305273e-01 
 8.63316583e+10 -5.08079660e+01  8.63316583e+10 -4.58637579e-01 
 8.65326633e+10 -5.09266093e+01  8.65326633e+10 -4.58971091e-01 
 8.67336683e+10 -5.10452514e+01  8.67336683e+10 -4.59305807e-01 
 8.69346734e+10 -5.11638924e+01  8.69346734e+10 -4.59641727e-01 
 8.71356784e+10 -5.12825322e+01  8.71356784e+10 -4.59978850e-01 
 8.73366834e+10 -5.14011707e+01  8.73366834e+10 -4.60317174e-01 
 8.75376884e+10 -5.15198080e+01  8.75376884e+10 -4.60656700e-01 
 8.77386935e+10 -5.16384440e+01  8.77386935e+10 -4.60997426e-01 
 8.79396985e+10 -5.17570787e+01  8.79396985e+10 -4.61339351e-01 
 8.81407035e+10 -5.18757121e+01  8.81407035e+10 -4.61682474e-01 
 8.83417085e+10 -5.19943440e+01  8.83417085e+10 -4.62026794e-01 
 8.85427136e+10 -5.21129745e+01  8.85427136e+10 -4.62372310e-01 
 8.87437186e+10 -5.22316036e+01  8.87437186e+10 -4.62719021e-01 
 8.89447236e+10 -5.23502312e+01  8.89447236e+10 -4.63066925e-01 
 8.91457286e+10 -5.24688572e+01  8.91457286e+10 -4.63416021e-01 
 8.93467337e+10 -5.25874817e+01  8.93467337e+10 -4.63766309e-01 
 8.95477387e+10 -5.27061046e+01  8.95477387e+10 -4.64117786e-01 
 8.97487437e+10 -5.28247259e+01  8.97487437e+10 -4.64470451e-01 
 8.99497487e+10 -5.29433455e+01  8.99497487e+10 -4.64824304e-01 
 9.01507538e+10 -5.30619634e+01  9.01507538e+10 -4.65179342e-01 
 9.03517588e+10 -5.31805796e+01  9.03517588e+10 -4.65535564e-01 
 9.05527638e+10 -5.32991940e+01  9.05527638e+10 -4.65892969e-01 
 9.07537688e+10 -5.34178066e+01  9.07537688e+10 -4.66251554e-01 
 9.09547739e+10 -5.35364174e+01  9.09547739e+10 -4.66611320e-01 
 9.11557789e+10 -5.36550264e+01  9.11557789e+10 -4.66972263e-01 
 9.13567839e+10 -5.37736334e+01  9.13567839e+10 -4.67334382e-01 
 9.15577889e+10 -5.38922385e+01  9.15577889e+10 -4.67697676e-01 
 9.17587940e+10 -5.40108416e+01  9.17587940e+10 -4.68062142e-01 
 9.19597990e+10 -5.41294427e+01  9.19597990e+10 -4.68427780e-01 
 9.21608040e+10 -5.42480418e+01  9.21608040e+10 -4.68794586e-01 
 9.23618090e+10 -5.43666388e+01  9.23618090e+10 -4.69162560e-01 
 9.25628141e+10 -5.44852337e+01  9.25628141e+10 -4.69531700e-01 
 9.27638191e+10 -5.46038264e+01  9.27638191e+10 -4.69902002e-01 
 9.29648241e+10 -5.47224170e+01  9.29648241e+10 -4.70273467e-01 
 9.31658291e+10 -5.48410054e+01  9.31658291e+10 -4.70646091e-01 
 9.33668342e+10 -5.49595915e+01  9.33668342e+10 -4.71019872e-01 
 9.35678392e+10 -5.50781754e+01  9.35678392e+10 -4.71394809e-01 
 9.37688442e+10 -5.51967569e+01  9.37688442e+10 -4.71770898e-01 
 9.39698492e+10 -5.53153361e+01  9.39698492e+10 -4.72148139e-01 
 9.41708543e+10 -5.54339129e+01  9.41708543e+10 -4.72526529e-01 
 9.43718593e+10 -5.55524872e+01  9.43718593e+10 -4.72906065e-01 
 9.45728643e+10 -5.56710592e+01  9.45728643e+10 -4.73286746e-01 
 9.47738693e+10 -5.57896286e+01  9.47738693e+10 -4.73668568e-01 
 9.49748744e+10 -5.59081955e+01  9.49748744e+10 -4.74051530e-01 
 9.51758794e+10 -5.60267599e+01  9.51758794e+10 -4.74435629e-01 
 9.53768844e+10 -5.61453217e+01  9.53768844e+10 -4.74820863e-01 
 9.55778894e+10 -5.62638808e+01  9.55778894e+10 -4.75207229e-01 
 9.57788945e+10 -5.63824373e+01  9.57788945e+10 -4.75594724e-01 
 9.59798995e+10 -5.65009911e+01  9.59798995e+10 -4.75983347e-01 
 9.61809045e+10 -5.66195421e+01  9.61809045e+10 -4.76373094e-01 
 9.63819095e+10 -5.67380904e+01  9.63819095e+10 -4.76763963e-01 
 9.65829146e+10 -5.68566359e+01  9.65829146e+10 -4.77155951e-01 
 9.67839196e+10 -5.69751786e+01  9.67839196e+10 -4.77549055e-01 
 9.69849246e+10 -5.70937184e+01  9.69849246e+10 -4.77943272e-01 
 9.71859296e+10 -5.72122552e+01  9.71859296e+10 -4.78338601e-01 
 9.73869347e+10 -5.73307892e+01  9.73869347e+10 -4.78735037e-01 
 9.75879397e+10 -5.74493202e+01  9.75879397e+10 -4.79132578e-01 
 9.77889447e+10 -5.75678481e+01  9.77889447e+10 -4.79531221e-01 
 9.79899497e+10 -5.76863731e+01  9.79899497e+10 -4.79930963e-01 
 9.81909548e+10 -5.78048949e+01  9.81909548e+10 -4.80331801e-01 
 9.83919598e+10 -5.79234137e+01  9.83919598e+10 -4.80733732e-01 
 9.85929648e+10 -5.80419293e+01  9.85929648e+10 -4.81136752e-01 
 9.87939698e+10 -5.81604417e+01  9.87939698e+10 -4.81540859e-01 
 9.89949749e+10 -5.82789509e+01  9.89949749e+10 -4.81946050e-01 
 9.91959799e+10 -5.83974569e+01  9.91959799e+10 -4.82352321e-01 
 9.93969849e+10 -5.85159596e+01  9.93969849e+10 -4.82759668e-01 
 9.95979899e+10 -5.86344590e+01  9.95979899e+10 -4.83168089e-01 
 9.97989950e+10 -5.87529550e+01  9.97989950e+10 -4.83577580e-01 
 1.00000000e+11 -5.88714476e+01  1.00000000e+11 -4.83988138e-01 
