 7.00000000e+10  7.00000000e+10  0.00000000e+00  7.00000000e+10  1.26916296e-01  5.17553875e-02  7.00000000e+10  2.00000000e-01  0.00000000e+00  7.00000000e+10  6.34581480e-02  2.58776938e-02  7.00000000e+10 -6.34581480e-02 -2.58776938e-02  7.00000000e+10  1.00000000e-01  0.00000000e+00  7.00000000e+10 -1.00000000e-01  0.00000000e+00 
 7.01515152e+10  7.01515152e+10  0.00000000e+00  7.01515152e+10  1.26999486e-01  5.16685443e-02  7.01515152e+10  2.00000000e-01  0.00000000e+00  7.01515152e+10  6.34997432e-02  2.58342722e-02  7.01515152e+10 -6.34997432e-02 -2.58342722e-02  7.01515152e+10  1.00000000e-01  0.00000000e+00  7.01515152e+10 -1.00000000e-01  0.00000000e+00 
 7.03030303e+10  7.03030303e+10  0.00000000e+00  7.03030303e+10  1.27082234e-01  5.15818648e-02  7.03030303e+10  2.00000000e-01  0.00000000e+00  7.03030303e+10  6.35411172e-02  2.57909324e-02  7.03030303e+10 -6.35411172e-02 -2.57909324e-02  7.03030303e+10  1.00000000e-01  0.00000000e+00  7.03030303e+10 -1.00000000e-01  0.00000000e+00 
 7.04545455e+10  7.04545455e+10  0.00000000e+00  7.04545455e+10  1.27164543e-01  5.14953492e-02  7.04545455e+10  2.00000000e-01  0.00000000e+00  7.04545455e+10  6.35822713e-02  2.57476746e-02  7.04545455e+10 -6.35822713e-02 -2.57476746e-02  7.04545455e+10  1.00000000e-01  0.00000000e+00  7.04545455e+10 -1.00000000e-01  0.00000000e+00 
 7.06060606e+10  7.06060606e+10  0.00000000e+00  7.06060606e+10  1.27246414e-01  5.14089975e-02  7.06060606e+10  2.00000000e-01  0.00000000e+00  7.06060606e+10  6.36232070e-02  2.57044987e-02  7.06060606e+10 -6.36232070e-02 -2.57044987e-02  7.06060606e+10  1.00000000e-01  0.00000000e+00  7.06060606e+10 -1.00000000e-01  0.00000000e+00 
 7.07575758e+10  7.07575758e+10  0.00000000e+00  7.07575758e+10  1.27327851e-01  5.13228099e-02  7.07575758e+10  2.00000000e-01  0.00000000e+00  7.07575758e+10  6.36639256e-02  2.56614050e-02  7.07575758e+10 -6.36639256e-02 -2.56614050e-02  7.07575758e+10  1.00000000e-01  0.00000000e+00  7.07575758e+10 -1.00000000e-01  0.00000000e+00 
 7.09090909e+10  7.09090909e+10  0.00000000e+00  7.09090909e+10  1.27408857e-01  5.12367866e-02  7.09090909e+10  2.00000000e-01  0.00000000e+00  7.09090909e+10  6.37044284e-02  2.56183933e-02  7.09090909e+10 -6.37044284e-02 -2.56183933e-02  7.09090909e+10  1.00000000e-01  0.00000000e+00  7.09090909e+10 -1.00000000e-01  0.00000000e+00 
 7.10606061e+10  7.10606061e+10  0.00000000e+00  7.10606061e+10  1.27489434e-01  5.11509276e-02  7.10606061e+10  2.00000000e-01  0.00000000e+00  7.10606061e+10  6.37447168e-02  2.55754638e-02  7.10606061e+10 -6.37447168e-02 -2.55754638e-02  7.10606061e+10  1.00000000e-01  0.00000000e+00  7.10606061e+10 -1.00000000e-01  0.00000000e+00 
 7.12121212e+10  7.12121212e+10  0.00000000e+00  7.12121212e+10  1.27569584e-01  5.10652330e-02  7.12121212e+10  2.00000000e-01  0.00000000e+00  7.12121212e+10  6.37847921e-02  2.55326165e-02  7.12121212e+10 -6.37847921e-02 -2.55326165e-02  7.12121212e+10  1.00000000e-01  0.00000000e+00  7.12121212e+10 -1.00000000e-01  0.00000000e+00 
 7.13636364e+10  7.13636364e+10  0.00000000e+00  7.13636364e+10  1.27649311e-01  5.09797030e-02  7.13636364e+10  2.00000000e-01  0.00000000e+00  7.13636364e+10  6.38246557e-02  2.54898515e-02  7.13636364e+10 -6.38246557e-02 -2.54898515e-02  7.13636364e+10  1.00000000e-01  0.00000000e+00  7.13636364e+10 -1.00000000e-01  0.00000000e+00 
 7.15151515e+10  7.15151515e+10  0.00000000e+00  7.15151515e+10  1.27728618e-01  5.08943375e-02  7.15151515e+10  2.00000000e-01  0.00000000e+00  7.15151515e+10  6.38643089e-02  2.54471688e-02  7.15151515e+10 -6.38643089e-02 -2.54471688e-02  7.15151515e+10  1.00000000e-01  0.00000000e+00  7.15151515e+10 -1.00000000e-01  0.00000000e+00 
 7.16666667e+10  7.16666667e+10  0.00000000e+00  7.16666667e+10  1.27807506e-01  5.08091367e-02  7.16666667e+10  2.00000000e-01  0.00000000e+00  7.16666667e+10  6.39037529e-02  2.54045684e-02  7.16666667e+10 -6.39037529e-02 -2.54045684e-02  7.16666667e+10  1.00000000e-01  0.00000000e+00  7.16666667e+10 -1.00000000e-01  0.00000000e+00 
 7.18181818e+10  7.18181818e+10  0.00000000e+00  7.18181818e+10  1.27885978e-01  5.07241007e-02  7.18181818e+10  2.00000000e-01  0.00000000e+00  7.18181818e+10  6.39429891e-02  2.53620504e-02  7.18181818e+10 -6.39429891e-02 -2.53620504e-02  7.18181818e+10  1.00000000e-01  0.00000000e+00  7.18181818e+10 -1.00000000e-01  0.00000000e+00 
 7.19696970e+10  7.19696970e+10  0.00000000e+00  7.19696970e+10  1.27964037e-01  5.06392295e-02  7.19696970e+10  2.00000000e-01  0.00000000e+00  7.19696970e+10  6.39820187e-02  2.53196147e-02  7.19696970e+10 -6.39820187e-02 -2.53196147e-02  7.19696970e+10  1.00000000e-01  0.00000000e+00  7.19696970e+10 -1.00000000e-01  0.00000000e+00 
 7.21212121e+10  7.21212121e+10  0.00000000e+00  7.21212121e+10  1.28041686e-01  5.05545231e-02  7.21212121e+10  2.00000000e-01  0.00000000e+00  7.21212121e+10  6.40208431e-02  2.52772615e-02  7.21212121e+10 -6.40208431e-02 -2.52772615e-02  7.21212121e+10  1.00000000e-01  0.00000000e+00  7.21212121e+10 -1.00000000e-01  0.00000000e+00 
 7.22727273e+10  7.22727273e+10  0.00000000e+00  7.22727273e+10  1.28118927e-01  5.04699816e-02  7.22727273e+10  2.00000000e-01  0.00000000e+00  7.22727273e+10  6.40594635e-02  2.52349908e-02  7.22727273e+10 -6.40594635e-02 -2.52349908e-02  7.22727273e+10  1.00000000e-01  0.00000000e+00  7.22727273e+10 -1.00000000e-01  0.00000000e+00 
 7.24242424e+10  7.24242424e+10  0.00000000e+00  7.24242424e+10  1.28195762e-01  5.03856050e-02  7.24242424e+10  2.00000000e-01  0.00000000e+00  7.24242424e+10  6.40978811e-02  2.51928025e-02  7.24242424e+10 -6.40978811e-02 -2.51928025e-02  7.24242424e+10  1.00000000e-01  0.00000000e+00  7.24242424e+10 -1.00000000e-01  0.00000000e+00 
 7.25757576e+10  7.25757576e+10  0.00000000e+00  7.25757576e+10  1.28272194e-01  5.03013933e-02  7.25757576e+10  2.00000000e-01  0.00000000e+00  7.25757576e+10  6.41360972e-02  2.51506966e-02  7.25757576e+10 -6.41360972e-02 -2.51506966e-02  7.25757576e+10  1.00000000e-01  0.00000000e+00  7.25757576e+10 -1.00000000e-01  0.00000000e+00 
 7.27272727e+10  7.27272727e+10  0.00000000e+00  7.27272727e+10  1.28348226e-01  5.02173466e-02  7.27272727e+10  2.00000000e-01  0.00000000e+00  7.27272727e+10  6.41741131e-02  2.51086733e-02  7.27272727e+10 -6.41741131e-02 -2.51086733e-02  7.27272727e+10  1.00000000e-01  0.00000000e+00  7.27272727e+10 -1.00000000e-01  0.00000000e+00 
 7.28787879e+10  7.28787879e+10  0.00000000e+00  7.28787879e+10  1.28423860e-01  5.01334648e-02  7.28787879e+10  2.00000000e-01  0.00000000e+00  7.28787879e+10  6.42119300e-02  2.50667324e-02  7.28787879e+10 -6.42119300e-02 -2.50667324e-02  7.28787879e+10  1.00000000e-01  0.00000000e+00  7.28787879e+10 -1.00000000e-01  0.00000000e+00 
 7.30303030e+10  7.30303030e+10  0.00000000e+00  7.30303030e+10  1.28499098e-01  5.00497481e-02  7.30303030e+10  2.00000000e-01  0.00000000e+00  7.30303030e+10  6.42495491e-02  2.50248740e-02  7.30303030e+10 -6.42495491e-02 -2.50248740e-02  7.30303030e+10  1.00000000e-01  0.00000000e+00  7.30303030e+10 -1.00000000e-01  0.00000000e+00 
 7.31818182e+10  7.31818182e+10  0.00000000e+00  7.31818182e+10  1.28573943e-01  4.99661962e-02  7.31818182e+10  2.00000000e-01  0.00000000e+00  7.31818182e+10  6.42869716e-02  2.49830981e-02  7.31818182e+10 -6.42869716e-02 -2.49830981e-02  7.31818182e+10  1.00000000e-01  0.00000000e+00  7.31818182e+10 -1.00000000e-01  0.00000000e+00 
 7.33333333e+10  7.33333333e+10  0.00000000e+00  7.33333333e+10  1.28648397e-01  4.98828094e-02  7.33333333e+10  2.00000000e-01  0.00000000e+00  7.33333333e+10  6.43241987e-02  2.49414047e-02  7.33333333e+10 -6.43241987e-02 -2.49414047e-02  7.33333333e+10  1.00000000e-01  0.00000000e+00  7.33333333e+10 -1.00000000e-01  0.00000000e+00 
 7.34848485e+10  7.34848485e+10  0.00000000e+00  7.34848485e+10  1.28722463e-01  4.97995874e-02  7.34848485e+10  2.00000000e-01  0.00000000e+00  7.34848485e+10  6.43612317e-02  2.48997937e-02  7.34848485e+10 -6.43612317e-02 -2.48997937e-02  7.34848485e+10  1.00000000e-01  0.00000000e+00  7.34848485e+10 -1.00000000e-01  0.00000000e+00 
 7.36363636e+10  7.36363636e+10  0.00000000e+00  7.36363636e+10  1.28796143e-01  4.97165304e-02  7.36363636e+10  2.00000000e-01  0.00000000e+00  7.36363636e+10  6.43980717e-02  2.48582652e-02  7.36363636e+10 -6.43980717e-02 -2.48582652e-02  7.36363636e+10  1.00000000e-01  0.00000000e+00  7.36363636e+10 -1.00000000e-01  0.00000000e+00 
 7.37878788e+10  7.37878788e+10  0.00000000e+00  7.37878788e+10  1.28869440e-01  4.96336382e-02  7.37878788e+10  2.00000000e-01  0.00000000e+00  7.37878788e+10  6.44347199e-02  2.48168191e-02  7.37878788e+10 -6.44347199e-02 -2.48168191e-02  7.37878788e+10  1.00000000e-01  0.00000000e+00  7.37878788e+10 -1.00000000e-01  0.00000000e+00 
 7.39393939e+10  7.39393939e+10  0.00000000e+00  7.39393939e+10  1.28942355e-01  4.95509109e-02  7.39393939e+10  2.00000000e-01  0.00000000e+00  7.39393939e+10  6.44711775e-02  2.47754555e-02  7.39393939e+10 -6.44711775e-02 -2.47754555e-02  7.39393939e+10  1.00000000e-01  0.00000000e+00  7.39393939e+10 -1.00000000e-01  0.00000000e+00 
 7.40909091e+10  7.40909091e+10  0.00000000e+00  7.40909091e+10  1.29014891e-01  4.94683484e-02  7.40909091e+10  2.00000000e-01  0.00000000e+00  7.40909091e+10  6.45074456e-02  2.47341742e-02  7.40909091e+10 -6.45074456e-02 -2.47341742e-02  7.40909091e+10  1.00000000e-01  0.00000000e+00  7.40909091e+10 -1.00000000e-01  0.00000000e+00 
 7.42424242e+10  7.42424242e+10  0.00000000e+00  7.42424242e+10  1.29087051e-01  4.93859506e-02  7.42424242e+10  2.00000000e-01  0.00000000e+00  7.42424242e+10  6.45435254e-02  2.46929753e-02  7.42424242e+10 -6.45435254e-02 -2.46929753e-02  7.42424242e+10  1.00000000e-01  0.00000000e+00  7.42424242e+10 -1.00000000e-01  0.00000000e+00 
 7.43939394e+10  7.43939394e+10  0.00000000e+00  7.43939394e+10  1.29158836e-01  4.93037175e-02  7.43939394e+10  2.00000000e-01  0.00000000e+00  7.43939394e+10  6.45794181e-02  2.46518587e-02  7.43939394e+10 -6.45794181e-02 -2.46518587e-02  7.43939394e+10  1.00000000e-01  0.00000000e+00  7.43939394e+10 -1.00000000e-01  0.00000000e+00 
 7.45454545e+10  7.45454545e+10  0.00000000e+00  7.45454545e+10  1.29230250e-01  4.92216490e-02  7.45454545e+10  2.00000000e-01  0.00000000e+00  7.45454545e+10  6.46151248e-02  2.46108245e-02  7.45454545e+10 -6.46151248e-02 -2.46108245e-02  7.45454545e+10  1.00000000e-01  0.00000000e+00  7.45454545e+10 -1.00000000e-01  0.00000000e+00 
 7.46969697e+10  7.46969697e+10  0.00000000e+00  7.46969697e+10  1.29301293e-01  4.91397450e-02  7.46969697e+10  2.00000000e-01  0.00000000e+00  7.46969697e+10  6.46506466e-02  2.45698725e-02  7.46969697e+10 -6.46506466e-02 -2.45698725e-02  7.46969697e+10  1.00000000e-01  0.00000000e+00  7.46969697e+10 -1.00000000e-01  0.00000000e+00 
 7.48484848e+10  7.48484848e+10  0.00000000e+00  7.48484848e+10  1.29371969e-01  4.90580055e-02  7.48484848e+10  2.00000000e-01  0.00000000e+00  7.48484848e+10  6.46859846e-02  2.45290028e-02  7.48484848e+10 -6.46859846e-02 -2.45290028e-02  7.48484848e+10  1.00000000e-01  0.00000000e+00  7.48484848e+10 -1.00000000e-01  0.00000000e+00 
 7.50000000e+10  7.50000000e+10  0.00000000e+00  7.50000000e+10  1.29442280e-01  4.89764304e-02  7.50000000e+10  2.00000000e-01  0.00000000e+00  7.50000000e+10  6.47211400e-02  2.44882152e-02  7.50000000e+10 -6.47211400e-02 -2.44882152e-02  7.50000000e+10  1.00000000e-01  0.00000000e+00  7.50000000e+10 -1.00000000e-01  0.00000000e+00 
 7.51515152e+10  7.51515152e+10  0.00000000e+00  7.51515152e+10  1.29512228e-01  4.88950197e-02  7.51515152e+10  2.00000000e-01  0.00000000e+00  7.51515152e+10  6.47561139e-02  2.44475098e-02  7.51515152e+10 -6.47561139e-02 -2.44475098e-02  7.51515152e+10  1.00000000e-01  0.00000000e+00  7.51515152e+10 -1.00000000e-01  0.00000000e+00 
 7.53030303e+10  7.53030303e+10  0.00000000e+00  7.53030303e+10  1.29581815e-01  4.88137731e-02  7.53030303e+10  2.00000000e-01  0.00000000e+00  7.53030303e+10  6.47909074e-02  2.44068865e-02  7.53030303e+10 -6.47909074e-02 -2.44068865e-02  7.53030303e+10  1.00000000e-01  0.00000000e+00  7.53030303e+10 -1.00000000e-01  0.00000000e+00 
 7.54545455e+10  7.54545455e+10  0.00000000e+00  7.54545455e+10  1.29651043e-01  4.87326906e-02  7.54545455e+10  2.00000000e-01  0.00000000e+00  7.54545455e+10  6.48255215e-02  2.43663453e-02  7.54545455e+10 -6.48255215e-02 -2.43663453e-02  7.54545455e+10  1.00000000e-01  0.00000000e+00  7.54545455e+10 -1.00000000e-01  0.00000000e+00 
 7.56060606e+10  7.56060606e+10  0.00000000e+00  7.56060606e+10  1.29719915e-01  4.86517722e-02  7.56060606e+10  2.00000000e-01  0.00000000e+00  7.56060606e+10  6.48599574e-02  2.43258861e-02  7.56060606e+10 -6.48599574e-02 -2.43258861e-02  7.56060606e+10  1.00000000e-01  0.00000000e+00  7.56060606e+10 -1.00000000e-01  0.00000000e+00 
 7.57575758e+10  7.57575758e+10  0.00000000e+00  7.57575758e+10  1.29788432e-01  4.85710176e-02  7.57575758e+10  2.00000000e-01  0.00000000e+00  7.57575758e+10  6.48942161e-02  2.42855088e-02  7.57575758e+10 -6.48942161e-02 -2.42855088e-02  7.57575758e+10  1.00000000e-01  0.00000000e+00  7.57575758e+10 -1.00000000e-01  0.00000000e+00 
 7.59090909e+10  7.59090909e+10  0.00000000e+00  7.59090909e+10  1.29856597e-01  4.84904269e-02  7.59090909e+10  2.00000000e-01  0.00000000e+00  7.59090909e+10  6.49282987e-02  2.42452134e-02  7.59090909e+10 -6.49282987e-02 -2.42452134e-02  7.59090909e+10  1.00000000e-01  0.00000000e+00  7.59090909e+10 -1.00000000e-01  0.00000000e+00 
 7.60606061e+10  7.60606061e+10  0.00000000e+00  7.60606061e+10  1.29924413e-01  4.84099998e-02  7.60606061e+10  2.00000000e-01  0.00000000e+00  7.60606061e+10  6.49622063e-02  2.42049999e-02  7.60606061e+10 -6.49622063e-02 -2.42049999e-02  7.60606061e+10  1.00000000e-01  0.00000000e+00  7.60606061e+10 -1.00000000e-01  0.00000000e+00 
 7.62121212e+10  7.62121212e+10  0.00000000e+00  7.62121212e+10  1.29991880e-01  4.83297363e-02  7.62121212e+10  2.00000000e-01  0.00000000e+00  7.62121212e+10  6.49959399e-02  2.41648681e-02  7.62121212e+10 -6.49959399e-02 -2.41648681e-02  7.62121212e+10  1.00000000e-01  0.00000000e+00  7.62121212e+10 -1.00000000e-01  0.00000000e+00 
 7.63636364e+10  7.63636364e+10  0.00000000e+00  7.63636364e+10  1.30059001e-01  4.82496362e-02  7.63636364e+10  2.00000000e-01  0.00000000e+00  7.63636364e+10  6.50295006e-02  2.41248181e-02  7.63636364e+10 -6.50295006e-02 -2.41248181e-02  7.63636364e+10  1.00000000e-01  0.00000000e+00  7.63636364e+10 -1.00000000e-01  0.00000000e+00 
 7.65151515e+10  7.65151515e+10  0.00000000e+00  7.65151515e+10  1.30125779e-01  4.81696993e-02  7.65151515e+10  2.00000000e-01  0.00000000e+00  7.65151515e+10  6.50628894e-02  2.40848497e-02  7.65151515e+10 -6.50628894e-02 -2.40848497e-02  7.65151515e+10  1.00000000e-01  0.00000000e+00  7.65151515e+10 -1.00000000e-01  0.00000000e+00 
 7.66666667e+10  7.66666667e+10  0.00000000e+00  7.66666667e+10  1.30192215e-01  4.80899257e-02  7.66666667e+10  2.00000000e-01  0.00000000e+00  7.66666667e+10  6.50961074e-02  2.40449628e-02  7.66666667e+10 -6.50961074e-02 -2.40449628e-02  7.66666667e+10  1.00000000e-01  0.00000000e+00  7.66666667e+10 -1.00000000e-01  0.00000000e+00 
 7.68181818e+10  7.68181818e+10  0.00000000e+00  7.68181818e+10  1.30258311e-01  4.80103150e-02  7.68181818e+10  2.00000000e-01  0.00000000e+00  7.68181818e+10  6.51291555e-02  2.40051575e-02  7.68181818e+10 -6.51291555e-02 -2.40051575e-02  7.68181818e+10  1.00000000e-01  0.00000000e+00  7.68181818e+10 -1.00000000e-01  0.00000000e+00 
 7.69696970e+10  7.69696970e+10  0.00000000e+00  7.69696970e+10  1.30324070e-01  4.79308672e-02  7.69696970e+10  2.00000000e-01  0.00000000e+00  7.69696970e+10  6.51620348e-02  2.39654336e-02  7.69696970e+10 -6.51620348e-02 -2.39654336e-02  7.69696970e+10  1.00000000e-01  0.00000000e+00  7.69696970e+10 -1.00000000e-01  0.00000000e+00 
 7.71212121e+10  7.71212121e+10  0.00000000e+00  7.71212121e+10  1.30389493e-01  4.78515821e-02  7.71212121e+10  2.00000000e-01  0.00000000e+00  7.71212121e+10  6.51947463e-02  2.39257910e-02  7.71212121e+10 -6.51947463e-02 -2.39257910e-02  7.71212121e+10  1.00000000e-01  0.00000000e+00  7.71212121e+10 -1.00000000e-01  0.00000000e+00 
 7.72727273e+10  7.72727273e+10  0.00000000e+00  7.72727273e+10  1.30454582e-01  4.77724596e-02  7.72727273e+10  2.00000000e-01  0.00000000e+00  7.72727273e+10  6.52272911e-02  2.38862298e-02  7.72727273e+10 -6.52272911e-02 -2.38862298e-02  7.72727273e+10  1.00000000e-01  0.00000000e+00  7.72727273e+10 -1.00000000e-01  0.00000000e+00 
 7.74242424e+10  7.74242424e+10  0.00000000e+00  7.74242424e+10  1.30519340e-01  4.76934994e-02  7.74242424e+10  2.00000000e-01  0.00000000e+00  7.74242424e+10  6.52596700e-02  2.38467497e-02  7.74242424e+10 -6.52596700e-02 -2.38467497e-02  7.74242424e+10  1.00000000e-01  0.00000000e+00  7.74242424e+10 -1.00000000e-01  0.00000000e+00 
 7.75757576e+10  7.75757576e+10  0.00000000e+00  7.75757576e+10  1.30583768e-01  4.76147015e-02  7.75757576e+10  2.00000000e-01  0.00000000e+00  7.75757576e+10  6.52918842e-02  2.38073507e-02  7.75757576e+10 -6.52918842e-02 -2.38073507e-02  7.75757576e+10  1.00000000e-01  0.00000000e+00  7.75757576e+10 -1.00000000e-01  0.00000000e+00 
 7.77272727e+10  7.77272727e+10  0.00000000e+00  7.77272727e+10  1.30647869e-01  4.75360656e-02  7.77272727e+10  2.00000000e-01  0.00000000e+00  7.77272727e+10  6.53239345e-02  2.37680328e-02  7.77272727e+10 -6.53239345e-02 -2.37680328e-02  7.77272727e+10  1.00000000e-01  0.00000000e+00  7.77272727e+10 -1.00000000e-01  0.00000000e+00 
 7.78787879e+10  7.78787879e+10  0.00000000e+00  7.78787879e+10  1.30711644e-01  4.74575917e-02  7.78787879e+10  2.00000000e-01  0.00000000e+00  7.78787879e+10  6.53558220e-02  2.37287958e-02  7.78787879e+10 -6.53558220e-02 -2.37287958e-02  7.78787879e+10  1.00000000e-01  0.00000000e+00  7.78787879e+10 -1.00000000e-01  0.00000000e+00 
 7.80303030e+10  7.80303030e+10  0.00000000e+00  7.80303030e+10  1.30775095e-01  4.73792794e-02  7.80303030e+10  2.00000000e-01  0.00000000e+00  7.80303030e+10  6.53875476e-02  2.36896397e-02  7.80303030e+10 -6.53875476e-02 -2.36896397e-02  7.80303030e+10  1.00000000e-01  0.00000000e+00  7.80303030e+10 -1.00000000e-01  0.00000000e+00 
 7.81818182e+10  7.81818182e+10  0.00000000e+00  7.81818182e+10  1.30838225e-01  4.73011287e-02  7.81818182e+10  2.00000000e-01  0.00000000e+00  7.81818182e+10  6.54191123e-02  2.36505644e-02  7.81818182e+10 -6.54191123e-02 -2.36505644e-02  7.81818182e+10  1.00000000e-01  0.00000000e+00  7.81818182e+10 -1.00000000e-01  0.00000000e+00 
 7.83333333e+10  7.83333333e+10  0.00000000e+00  7.83333333e+10  1.30901034e-01  4.72231394e-02  7.83333333e+10  2.00000000e-01  0.00000000e+00  7.83333333e+10  6.54505171e-02  2.36115697e-02  7.83333333e+10 -6.54505171e-02 -2.36115697e-02  7.83333333e+10  1.00000000e-01  0.00000000e+00  7.83333333e+10 -1.00000000e-01  0.00000000e+00 
 7.84848485e+10  7.84848485e+10  0.00000000e+00  7.84848485e+10  1.30963526e-01  4.71453112e-02  7.84848485e+10  2.00000000e-01  0.00000000e+00  7.84848485e+10  6.54817628e-02  2.35726556e-02  7.84848485e+10 -6.54817628e-02 -2.35726556e-02  7.84848485e+10  1.00000000e-01  0.00000000e+00  7.84848485e+10 -1.00000000e-01  0.00000000e+00 
 7.86363636e+10  7.86363636e+10  0.00000000e+00  7.86363636e+10  1.31025701e-01  4.70676440e-02  7.86363636e+10  2.00000000e-01  0.00000000e+00  7.86363636e+10  6.55128505e-02  2.35338220e-02  7.86363636e+10 -6.55128505e-02 -2.35338220e-02  7.86363636e+10  1.00000000e-01  0.00000000e+00  7.86363636e+10 -1.00000000e-01  0.00000000e+00 
 7.87878788e+10  7.87878788e+10  0.00000000e+00  7.87878788e+10  1.31087562e-01  4.69901376e-02  7.87878788e+10  2.00000000e-01  0.00000000e+00  7.87878788e+10  6.55437811e-02  2.34950688e-02  7.87878788e+10 -6.55437811e-02 -2.34950688e-02  7.87878788e+10  1.00000000e-01  0.00000000e+00  7.87878788e+10 -1.00000000e-01  0.00000000e+00 
 7.89393939e+10  7.89393939e+10  0.00000000e+00  7.89393939e+10  1.31149111e-01  4.69127917e-02  7.89393939e+10  2.00000000e-01  0.00000000e+00  7.89393939e+10  6.55745556e-02  2.34563959e-02  7.89393939e+10 -6.55745556e-02 -2.34563959e-02  7.89393939e+10  1.00000000e-01  0.00000000e+00  7.89393939e+10 -1.00000000e-01  0.00000000e+00 
 7.90909091e+10  7.90909091e+10  0.00000000e+00  7.90909091e+10  1.31210349e-01  4.68356063e-02  7.90909091e+10  2.00000000e-01  0.00000000e+00  7.90909091e+10  6.56051747e-02  2.34178031e-02  7.90909091e+10 -6.56051747e-02 -2.34178031e-02  7.90909091e+10  1.00000000e-01  0.00000000e+00  7.90909091e+10 -1.00000000e-01  0.00000000e+00 
 7.92424242e+10  7.92424242e+10  0.00000000e+00  7.92424242e+10  1.31271279e-01  4.67585810e-02  7.92424242e+10  2.00000000e-01  0.00000000e+00  7.92424242e+10  6.56356395e-02  2.33792905e-02  7.92424242e+10 -6.56356395e-02 -2.33792905e-02  7.92424242e+10  1.00000000e-01  0.00000000e+00  7.92424242e+10 -1.00000000e-01  0.00000000e+00 
 7.93939394e+10  7.93939394e+10  0.00000000e+00  7.93939394e+10  1.31331902e-01  4.66817157e-02  7.93939394e+10  2.00000000e-01  0.00000000e+00  7.93939394e+10  6.56659509e-02  2.33408578e-02  7.93939394e+10 -6.56659509e-02 -2.33408578e-02  7.93939394e+10  1.00000000e-01  0.00000000e+00  7.93939394e+10 -1.00000000e-01  0.00000000e+00 
 7.95454545e+10  7.95454545e+10  0.00000000e+00  7.95454545e+10  1.31392219e-01  4.66050101e-02  7.95454545e+10  2.00000000e-01  0.00000000e+00  7.95454545e+10  6.56961097e-02  2.33025051e-02  7.95454545e+10 -6.56961097e-02 -2.33025051e-02  7.95454545e+10  1.00000000e-01  0.00000000e+00  7.95454545e+10 -1.00000000e-01  0.00000000e+00 
 7.96969697e+10  7.96969697e+10  0.00000000e+00  7.96969697e+10  1.31452234e-01  4.65284641e-02  7.96969697e+10  2.00000000e-01  0.00000000e+00  7.96969697e+10  6.57261170e-02  2.32642321e-02  7.96969697e+10 -6.57261170e-02 -2.32642321e-02  7.96969697e+10  1.00000000e-01  0.00000000e+00  7.96969697e+10 -1.00000000e-01  0.00000000e+00 
 7.98484848e+10  7.98484848e+10  0.00000000e+00  7.98484848e+10  1.31511947e-01  4.64520775e-02  7.98484848e+10  2.00000000e-01  0.00000000e+00  7.98484848e+10  6.57559734e-02  2.32260387e-02  7.98484848e+10 -6.57559734e-02 -2.32260387e-02  7.98484848e+10  1.00000000e-01  0.00000000e+00  7.98484848e+10 -1.00000000e-01  0.00000000e+00 
 8.00000000e+10  8.00000000e+10  0.00000000e+00  8.00000000e+10  1.31571360e-01  4.63758499e-02  8.00000000e+10  2.00000000e-01  0.00000000e+00  8.00000000e+10  6.57856801e-02  2.31879250e-02  8.00000000e+10 -6.57856801e-02 -2.31879250e-02  8.00000000e+10  1.00000000e-01  0.00000000e+00  8.00000000e+10 -1.00000000e-01  0.00000000e+00 
 8.01515152e+10  8.01515152e+10  0.00000000e+00  8.01515152e+10  1.31630475e-01  4.62997812e-02  8.01515152e+10  2.00000000e-01  0.00000000e+00  8.01515152e+10  6.58152377e-02  2.31498906e-02  8.01515152e+10 -6.58152377e-02 -2.31498906e-02  8.01515152e+10  1.00000000e-01  0.00000000e+00  8.01515152e+10 -1.00000000e-01  0.00000000e+00 
 8.03030303e+10  8.03030303e+10  0.00000000e+00  8.03030303e+10  1.31689295e-01  4.62238712e-02  8.03030303e+10  2.00000000e-01  0.00000000e+00  8.03030303e+10  6.58446473e-02  2.31119356e-02  8.03030303e+10 -6.58446473e-02 -2.31119356e-02  8.03030303e+10  1.00000000e-01  0.00000000e+00  8.03030303e+10 -1.00000000e-01  0.00000000e+00 
 8.04545455e+10  8.04545455e+10  0.00000000e+00  8.04545455e+10  1.31747819e-01  4.61481196e-02  8.04545455e+10  2.00000000e-01  0.00000000e+00  8.04545455e+10  6.58739097e-02  2.30740598e-02  8.04545455e+10 -6.58739097e-02 -2.30740598e-02  8.04545455e+10  1.00000000e-01  0.00000000e+00  8.04545455e+10 -1.00000000e-01  0.00000000e+00 
 8.06060606e+10  8.06060606e+10  0.00000000e+00  8.06060606e+10  1.31806051e-01  4.60725263e-02  8.06060606e+10  2.00000000e-01  0.00000000e+00  8.06060606e+10  6.59030256e-02  2.30362631e-02  8.06060606e+10 -6.59030256e-02 -2.30362631e-02  8.06060606e+10  1.00000000e-01  0.00000000e+00  8.06060606e+10 -1.00000000e-01  0.00000000e+00 
 8.07575758e+10  8.07575758e+10  0.00000000e+00  8.07575758e+10  1.31863992e-01  4.59970909e-02  8.07575758e+10  2.00000000e-01  0.00000000e+00  8.07575758e+10  6.59319961e-02  2.29985454e-02  8.07575758e+10 -6.59319961e-02 -2.29985454e-02  8.07575758e+10  1.00000000e-01  0.00000000e+00  8.07575758e+10 -1.00000000e-01  0.00000000e+00 
 8.09090909e+10  8.09090909e+10  0.00000000e+00  8.09090909e+10  1.31921644e-01  4.59218132e-02  8.09090909e+10  2.00000000e-01  0.00000000e+00  8.09090909e+10  6.59608219e-02  2.29609066e-02  8.09090909e+10 -6.59608219e-02 -2.29609066e-02  8.09090909e+10  1.00000000e-01  0.00000000e+00  8.09090909e+10 -1.00000000e-01  0.00000000e+00 
 8.10606061e+10  8.10606061e+10  0.00000000e+00  8.10606061e+10  1.31979008e-01  4.58466930e-02  8.10606061e+10  2.00000000e-01  0.00000000e+00  8.10606061e+10  6.59895039e-02  2.29233465e-02  8.10606061e+10 -6.59895039e-02 -2.29233465e-02  8.10606061e+10  1.00000000e-01  0.00000000e+00  8.10606061e+10 -1.00000000e-01  0.00000000e+00 
 8.12121212e+10  8.12121212e+10  0.00000000e+00  8.12121212e+10  1.32036086e-01  4.57717301e-02  8.12121212e+10  2.00000000e-01  0.00000000e+00  8.12121212e+10  6.60180430e-02  2.28858650e-02  8.12121212e+10 -6.60180430e-02 -2.28858650e-02  8.12121212e+10  1.00000000e-01  0.00000000e+00  8.12121212e+10 -1.00000000e-01  0.00000000e+00 
 8.13636364e+10  8.13636364e+10  0.00000000e+00  8.13636364e+10  1.32092880e-01  4.56969242e-02  8.13636364e+10  2.00000000e-01  0.00000000e+00  8.13636364e+10  6.60464398e-02  2.28484621e-02  8.13636364e+10 -6.60464398e-02 -2.28484621e-02  8.13636364e+10  1.00000000e-01  0.00000000e+00  8.13636364e+10 -1.00000000e-01  0.00000000e+00 
 8.15151515e+10  8.15151515e+10  0.00000000e+00  8.15151515e+10  1.32149391e-01  4.56222750e-02  8.15151515e+10  2.00000000e-01  0.00000000e+00  8.15151515e+10  6.60746954e-02  2.28111375e-02  8.15151515e+10 -6.60746954e-02 -2.28111375e-02  8.15151515e+10  1.00000000e-01  0.00000000e+00  8.15151515e+10 -1.00000000e-01  0.00000000e+00 
 8.16666667e+10  8.16666667e+10  0.00000000e+00  8.16666667e+10  1.32205621e-01  4.55477824e-02  8.16666667e+10  2.00000000e-01  0.00000000e+00  8.16666667e+10  6.61028105e-02  2.27738912e-02  8.16666667e+10 -6.61028105e-02 -2.27738912e-02  8.16666667e+10  1.00000000e-01  0.00000000e+00  8.16666667e+10 -1.00000000e-01  0.00000000e+00 
 8.18181818e+10  8.18181818e+10  0.00000000e+00  8.18181818e+10  1.32261572e-01  4.54734460e-02  8.18181818e+10  2.00000000e-01  0.00000000e+00  8.18181818e+10  6.61307859e-02  2.27367230e-02  8.18181818e+10 -6.61307859e-02 -2.27367230e-02  8.18181818e+10  1.00000000e-01  0.00000000e+00  8.18181818e+10 -1.00000000e-01  0.00000000e+00 
 8.19696970e+10  8.19696970e+10  0.00000000e+00  8.19696970e+10  1.32317245e-01  4.53992656e-02  8.19696970e+10  2.00000000e-01  0.00000000e+00  8.19696970e+10  6.61586224e-02  2.26996328e-02  8.19696970e+10 -6.61586224e-02 -2.26996328e-02  8.19696970e+10  1.00000000e-01  0.00000000e+00  8.19696970e+10 -1.00000000e-01  0.00000000e+00 
 8.21212121e+10  8.21212121e+10  0.00000000e+00  8.21212121e+10  1.32372642e-01  4.53252410e-02  8.21212121e+10  2.00000000e-01  0.00000000e+00  8.21212121e+10  6.61863209e-02  2.26626205e-02  8.21212121e+10 -6.61863209e-02 -2.26626205e-02  8.21212121e+10  1.00000000e-01  0.00000000e+00  8.21212121e+10 -1.00000000e-01  0.00000000e+00 
 8.22727273e+10  8.22727273e+10  0.00000000e+00  8.22727273e+10  1.32427764e-01  4.52513718e-02  8.22727273e+10  2.00000000e-01  0.00000000e+00  8.22727273e+10  6.62138821e-02  2.26256859e-02  8.22727273e+10 -6.62138821e-02 -2.26256859e-02  8.22727273e+10  1.00000000e-01  0.00000000e+00  8.22727273e+10 -1.00000000e-01  0.00000000e+00 
 8.24242424e+10  8.24242424e+10  0.00000000e+00  8.24242424e+10  1.32482614e-01  4.51776579e-02  8.24242424e+10  2.00000000e-01  0.00000000e+00  8.24242424e+10  6.62413068e-02  2.25888290e-02  8.24242424e+10 -6.62413068e-02 -2.25888290e-02  8.24242424e+10  1.00000000e-01  0.00000000e+00  8.24242424e+10 -1.00000000e-01  0.00000000e+00 
 8.25757576e+10  8.25757576e+10  0.00000000e+00  8.25757576e+10  1.32537192e-01  4.51040990e-02  8.25757576e+10  2.00000000e-01  0.00000000e+00  8.25757576e+10  6.62685959e-02  2.25520495e-02  8.25757576e+10 -6.62685959e-02 -2.25520495e-02  8.25757576e+10  1.00000000e-01  0.00000000e+00  8.25757576e+10 -1.00000000e-01  0.00000000e+00 
 8.27272727e+10  8.27272727e+10  0.00000000e+00  8.27272727e+10  1.32591500e-01  4.50306948e-02  8.27272727e+10  2.00000000e-01  0.00000000e+00  8.27272727e+10  6.62957500e-02  2.25153474e-02  8.27272727e+10 -6.62957500e-02 -2.25153474e-02  8.27272727e+10  1.00000000e-01  0.00000000e+00  8.27272727e+10 -1.00000000e-01  0.00000000e+00 
 8.28787879e+10  8.28787879e+10  0.00000000e+00  8.28787879e+10  1.32645540e-01  4.49574450e-02  8.28787879e+10  2.00000000e-01  0.00000000e+00  8.28787879e+10  6.63227701e-02  2.24787225e-02  8.28787879e+10 -6.63227701e-02 -2.24787225e-02  8.28787879e+10  1.00000000e-01  0.00000000e+00  8.28787879e+10 -1.00000000e-01  0.00000000e+00 
 8.30303030e+10  8.30303030e+10  0.00000000e+00  8.30303030e+10  1.32699314e-01  4.48843494e-02  8.30303030e+10  2.00000000e-01  0.00000000e+00  8.30303030e+10  6.63496568e-02  2.24421747e-02  8.30303030e+10 -6.63496568e-02 -2.24421747e-02  8.30303030e+10  1.00000000e-01  0.00000000e+00  8.30303030e+10 -1.00000000e-01  0.00000000e+00 
 8.31818182e+10  8.31818182e+10  0.00000000e+00  8.31818182e+10  1.32752822e-01  4.48114077e-02  8.31818182e+10  2.00000000e-01  0.00000000e+00  8.31818182e+10  6.63764109e-02  2.24057038e-02  8.31818182e+10 -6.63764109e-02 -2.24057038e-02  8.31818182e+10  1.00000000e-01  0.00000000e+00  8.31818182e+10 -1.00000000e-01  0.00000000e+00 
 8.33333333e+10  8.33333333e+10  0.00000000e+00  8.33333333e+10  1.32806066e-01  4.47386196e-02  8.33333333e+10  2.00000000e-01  0.00000000e+00  8.33333333e+10  6.64030332e-02  2.23693098e-02  8.33333333e+10 -6.64030332e-02 -2.23693098e-02  8.33333333e+10  1.00000000e-01  0.00000000e+00  8.33333333e+10 -1.00000000e-01  0.00000000e+00 
 8.34848485e+10  8.34848485e+10  0.00000000e+00  8.34848485e+10  1.32859049e-01  4.46659849e-02  8.34848485e+10  2.00000000e-01  0.00000000e+00  8.34848485e+10  6.64295244e-02  2.23329925e-02  8.34848485e+10 -6.64295244e-02 -2.23329925e-02  8.34848485e+10  1.00000000e-01  0.00000000e+00  8.34848485e+10 -1.00000000e-01  0.00000000e+00 
 8.36363636e+10  8.36363636e+10  0.00000000e+00  8.36363636e+10  1.32911771e-01  4.45935033e-02  8.36363636e+10  2.00000000e-01  0.00000000e+00  8.36363636e+10  6.64558853e-02  2.22967516e-02  8.36363636e+10 -6.64558853e-02 -2.22967516e-02  8.36363636e+10  1.00000000e-01  0.00000000e+00  8.36363636e+10 -1.00000000e-01  0.00000000e+00 
 8.37878788e+10  8.37878788e+10  0.00000000e+00  8.37878788e+10  1.32964233e-01  4.45211745e-02  8.37878788e+10  2.00000000e-01  0.00000000e+00  8.37878788e+10  6.64821166e-02  2.22605872e-02  8.37878788e+10 -6.64821166e-02 -2.22605872e-02  8.37878788e+10  1.00000000e-01  0.00000000e+00  8.37878788e+10 -1.00000000e-01  0.00000000e+00 
 8.39393939e+10  8.39393939e+10  0.00000000e+00  8.39393939e+10  1.33016438e-01  4.44489982e-02  8.39393939e+10  2.00000000e-01  0.00000000e+00  8.39393939e+10  6.65082191e-02  2.22244991e-02  8.39393939e+10 -6.65082191e-02 -2.22244991e-02  8.39393939e+10  1.00000000e-01  0.00000000e+00  8.39393939e+10 -1.00000000e-01  0.00000000e+00 
 8.40909091e+10  8.40909091e+10  0.00000000e+00  8.40909091e+10  1.33068387e-01  4.43769742e-02  8.40909091e+10  2.00000000e-01  0.00000000e+00  8.40909091e+10  6.65341935e-02  2.21884871e-02  8.40909091e+10 -6.65341935e-02 -2.21884871e-02  8.40909091e+10  1.00000000e-01  0.00000000e+00  8.40909091e+10 -1.00000000e-01  0.00000000e+00 
 8.42424242e+10  8.42424242e+10  0.00000000e+00  8.42424242e+10  1.33120081e-01  4.43051021e-02  8.42424242e+10  2.00000000e-01  0.00000000e+00  8.42424242e+10  6.65600406e-02  2.21525511e-02  8.42424242e+10 -6.65600406e-02 -2.21525511e-02  8.42424242e+10  1.00000000e-01  0.00000000e+00  8.42424242e+10 -1.00000000e-01  0.00000000e+00 
 8.43939394e+10  8.43939394e+10  0.00000000e+00  8.43939394e+10  1.33171522e-01  4.42333818e-02  8.43939394e+10  2.00000000e-01  0.00000000e+00  8.43939394e+10  6.65857610e-02  2.21166909e-02  8.43939394e+10 -6.65857610e-02 -2.21166909e-02  8.43939394e+10  1.00000000e-01  0.00000000e+00  8.43939394e+10 -1.00000000e-01  0.00000000e+00 
 8.45454545e+10  8.45454545e+10  0.00000000e+00  8.45454545e+10  1.33222711e-01  4.41618128e-02  8.45454545e+10  2.00000000e-01  0.00000000e+00  8.45454545e+10  6.66113556e-02  2.20809064e-02  8.45454545e+10 -6.66113556e-02 -2.20809064e-02  8.45454545e+10  1.00000000e-01  0.00000000e+00  8.45454545e+10 -1.00000000e-01  0.00000000e+00 
 8.46969697e+10  8.46969697e+10  0.00000000e+00  8.46969697e+10  1.33273650e-01  4.40903950e-02  8.46969697e+10  2.00000000e-01  0.00000000e+00  8.46969697e+10  6.66368249e-02  2.20451975e-02  8.46969697e+10 -6.66368249e-02 -2.20451975e-02  8.46969697e+10  1.00000000e-01  0.00000000e+00  8.46969697e+10 -1.00000000e-01  0.00000000e+00 
 8.48484848e+10  8.48484848e+10  0.00000000e+00  8.48484848e+10  1.33324339e-01  4.40191279e-02  8.48484848e+10  2.00000000e-01  0.00000000e+00  8.48484848e+10  6.66621697e-02  2.20095640e-02  8.48484848e+10 -6.66621697e-02 -2.20095640e-02  8.48484848e+10  1.00000000e-01  0.00000000e+00  8.48484848e+10 -1.00000000e-01  0.00000000e+00 
 8.50000000e+10  8.50000000e+10  0.00000000e+00  8.50000000e+10  1.33374782e-01  4.39480115e-02  8.50000000e+10  2.00000000e-01  0.00000000e+00  8.50000000e+10  6.66873908e-02  2.19740057e-02  8.50000000e+10 -6.66873908e-02 -2.19740057e-02  8.50000000e+10  1.00000000e-01  0.00000000e+00  8.50000000e+10 -1.00000000e-01  0.00000000e+00 
