 1.00000000e+06 -4.61777654e-02  4.75577183e-04  1.00000000e+06  4.61777654e-02 -4.75577183e-04 
 1.02329299e+06 -4.61765849e-02  4.86590690e-04  1.02329299e+06  4.61765849e-02 -4.86590690e-04 
 1.04712855e+06 -4.61753490e-02  4.97856168e-04  1.04712855e+06  4.61753490e-02 -4.97856168e-04 
 1.07151931e+06 -4.61740552e-02  5.09379162e-04  1.07151931e+06  4.61740552e-02 -5.09379162e-04 
 1.09647820e+06 -4.61727009e-02  5.21165323e-04  1.09647820e+06  4.61727009e-02 -5.21165323e-04 
 1.12201845e+06 -4.61712831e-02  5.33220409e-04  1.12201845e+06  4.61712831e-02 -5.33220409e-04 
 1.14815362e+06 -4.61697991e-02  5.45550287e-04  1.14815362e+06  4.61697991e-02 -5.45550287e-04 
 1.17489755e+06 -4.61682456e-02  5.58160930e-04  1.17489755e+06  4.61682456e-02 -5.58160930e-04 
 1.20226443e+06 -4.61666195e-02  5.71058423e-04  1.20226443e+06  4.61666195e-02 -5.71058423e-04 
 1.23026877e+06 -4.61649174e-02  5.84248959e-04  1.23026877e+06  4.61649174e-02 -5.84248959e-04 
 1.25892541e+06 -4.61631358e-02  5.97738841e-04  1.25892541e+06  4.61631358e-02 -5.97738841e-04 
 1.28824955e+06 -4.61612710e-02  6.11534482e-04  1.28824955e+06  4.61612710e-02 -6.11534482e-04 
 1.31825674e+06 -4.61593191e-02  6.25642406e-04  1.31825674e+06  4.61593191e-02 -6.25642406e-04 
 1.34896288e+06 -4.61572761e-02  6.40069246e-04  1.34896288e+06  4.61572761e-02 -6.40069246e-04 
 1.38038426e+06 -4.61551379e-02  6.54821745e-04  1.38038426e+06  4.61551379e-02 -6.54821745e-04 
 1.41253754e+06 -4.61529000e-02  6.69906754e-04  1.41253754e+06  4.61529000e-02 -6.69906754e-04 
 1.44543977e+06 -4.61505579e-02  6.85331233e-04  1.44543977e+06  4.61505579e-02 -6.85331233e-04 
 1.47910839e+06 -4.61481066e-02  7.01102249e-04  1.47910839e+06  4.61481066e-02 -7.01102249e-04 
 1.51356125e+06 -4.61455413e-02  7.17226976e-04  1.51356125e+06  4.61455414e-02 -7.17226976e-04 
 1.54881662e+06 -4.61428567e-02  7.33712690e-04  1.54881662e+06  4.61428567e-02 -7.33712690e-04 
 1.58489319e+06 -4.61400474e-02  7.50566771e-04  1.58489319e+06  4.61400474e-02 -7.50566771e-04 
 1.62181010e+06 -4.61371075e-02  7.67796699e-04  1.62181010e+06  4.61371075e-02 -7.67796699e-04 
 1.65958691e+06 -4.61340311e-02  7.85410052e-04  1.65958691e+06  4.61340311e-02 -7.85410052e-04 
 1.69824365e+06 -4.61308120e-02  8.03414501e-04  1.69824365e+06  4.61308121e-02 -8.03414501e-04 
 1.73780083e+06 -4.61274438e-02  8.21817811e-04  1.73780083e+06  4.61274438e-02 -8.21817811e-04 
 1.77827941e+06 -4.61239195e-02  8.40627832e-04  1.77827941e+06  4.61239195e-02 -8.40627832e-04 
 1.81970086e+06 -4.61202322e-02  8.59852499e-04  1.81970086e+06  4.61202322e-02 -8.59852499e-04 
 1.86208714e+06 -4.61163743e-02  8.79499824e-04  1.86208714e+06  4.61163743e-02 -8.79499825e-04 
 1.90546072e+06 -4.61123382e-02  8.99577895e-04  1.90546072e+06  4.61123382e-02 -8.99577895e-04 
 1.94984460e+06 -4.61081159e-02  9.20094863e-04  1.94984460e+06  4.61081159e-02 -9.20094864e-04 
 1.99526231e+06 -4.61036988e-02  9.41058944e-04  1.99526231e+06  4.61036988e-02 -9.41058944e-04 
 2.04173794e+06 -4.60990784e-02  9.62478404e-04  2.04173794e+06  4.60990784e-02 -9.62478404e-04 
 2.08929613e+06 -4.60942453e-02  9.84361557e-04  2.08929613e+06  4.60942453e-02 -9.84361557e-04 
 2.13796209e+06 -4.60891901e-02  1.00671675e-03  2.13796209e+06  4.60891901e-02 -1.00671675e-03 
 2.18776162e+06 -4.60839029e-02  1.02955237e-03  2.18776162e+06  4.60839029e-02 -1.02955237e-03 
 2.23872114e+06 -4.60783733e-02  1.05287680e-03  2.23872114e+06  4.60783733e-02 -1.05287680e-03 
 2.29086765e+06 -4.60725905e-02  1.07669844e-03  2.29086765e+06  4.60725905e-02 -1.07669844e-03 
 2.34422882e+06 -4.60665432e-02  1.10102570e-03  2.34422882e+06  4.60665432e-02 -1.10102570e-03 
 2.39883292e+06 -4.60602199e-02  1.12586693e-03  2.39883292e+06  4.60602199e-02 -1.12586693e-03 
 2.45470892e+06 -4.60536083e-02  1.15123049e-03  2.45470892e+06  4.60536083e-02 -1.15123049e-03 
 2.51188643e+06 -4.60466957e-02  1.17712467e-03  2.51188643e+06  4.60466957e-02 -1.17712467e-03 
 2.57039578e+06 -4.60394689e-02  1.20355768e-03  2.57039578e+06  4.60394689e-02 -1.20355768e-03 
 2.63026799e+06 -4.60319143e-02  1.23053768e-03  2.63026799e+06  4.60319143e-02 -1.23053768e-03 
 2.69153480e+06 -4.60240176e-02  1.25807269e-03  2.69153480e+06  4.60240176e-02 -1.25807269e-03 
 2.75422870e+06 -4.60157640e-02  1.28617064e-03  2.75422870e+06  4.60157640e-02 -1.28617064e-03 
 2.81838293e+06 -4.60071379e-02  1.31483928e-03  2.81838293e+06  4.60071379e-02 -1.31483928e-03 
 2.88403150e+06 -4.59981236e-02  1.34408622e-03  2.88403150e+06  4.59981236e-02 -1.34408622e-03 
 2.95120923e+06 -4.59887043e-02  1.37391885e-03  2.95120923e+06  4.59887043e-02 -1.37391885e-03 
 3.01995172e+06 -4.59788628e-02  1.40434435e-03  3.01995172e+06  4.59788628e-02 -1.40434435e-03 
 3.09029543e+06 -4.59685813e-02  1.43536965e-03  3.09029543e+06  4.59685813e-02 -1.43536965e-03 
 3.16227766e+06 -4.59578411e-02  1.46700139e-03  3.16227766e+06  4.59578411e-02 -1.46700139e-03 
 3.23593657e+06 -4.59466231e-02  1.49924589e-03  3.23593657e+06  4.59466231e-02 -1.49924589e-03 
 3.31131121e+06 -4.59349074e-02  1.53210913e-03  3.31131121e+06  4.59349074e-02 -1.53210913e-03 
 3.38844156e+06 -4.59226733e-02  1.56559670e-03  3.38844156e+06  4.59226733e-02 -1.56559670e-03 
 3.46736850e+06 -4.59098996e-02  1.59971376e-03  3.46736850e+06  4.59098996e-02 -1.59971376e-03 
 3.54813389e+06 -4.58965642e-02  1.63446499e-03  3.54813389e+06  4.58965642e-02 -1.63446499e-03 
 3.63078055e+06 -4.58826443e-02  1.66985458e-03  3.63078055e+06  4.58826443e-02 -1.66985458e-03 
 3.71535229e+06 -4.58681163e-02  1.70588615e-03  3.71535229e+06  4.58681163e-02 -1.70588615e-03 
 3.80189396e+06 -4.58529560e-02  1.74256271e-03  3.80189396e+06  4.58529560e-02 -1.74256271e-03 
 3.89045145e+06 -4.58371384e-02  1.77988661e-03  3.89045145e+06  4.58371384e-02 -1.77988661e-03 
 3.98107171e+06 -4.58206375e-02  1.81785950e-03  3.98107171e+06  4.58206375e-02 -1.81785950e-03 
 4.07380278e+06 -4.58034269e-02  1.85648225e-03  4.07380278e+06  4.58034269e-02 -1.85648225e-03 
 4.16869383e+06 -4.57854791e-02  1.89575491e-03  4.16869383e+06  4.57854791e-02 -1.89575491e-03 
 4.26579519e+06 -4.57667660e-02  1.93567664e-03  4.26579519e+06  4.57667661e-02 -1.93567664e-03 
 4.36515832e+06 -4.57472589e-02  1.97624563e-03  4.36515832e+06  4.57472589e-02 -1.97624564e-03 
 4.46683592e+06 -4.57269280e-02  2.01745910e-03  4.46683592e+06  4.57269280e-02 -2.01745910e-03 
 4.57088190e+06 -4.57057431e-02  2.05931313e-03  4.57088190e+06  4.57057431e-02 -2.05931313e-03 
 4.67735141e+06 -4.56836730e-02  2.10180267e-03  4.67735141e+06  4.56836730e-02 -2.10180267e-03 
 4.78630092e+06 -4.56606860e-02  2.14492143e-03  4.78630092e+06  4.56606860e-02 -2.14492143e-03 
 4.89778819e+06 -4.56367497e-02  2.18866183e-03  4.89778819e+06  4.56367497e-02 -2.18866183e-03 
 5.01187234e+06 -4.56118310e-02  2.23301488e-03  5.01187234e+06  4.56118310e-02 -2.23301488e-03 
 5.12861384e+06 -4.55858963e-02  2.27797014e-03  5.12861384e+06  4.55858963e-02 -2.27797014e-03 
 5.24807460e+06 -4.55589113e-02  2.32351565e-03  5.24807460e+06  4.55589113e-02 -2.32351565e-03 
 5.37031796e+06 -4.55308413e-02  2.36963778e-03  5.37031796e+06  4.55308413e-02 -2.36963778e-03 
 5.49540874e+06 -4.55016510e-02  2.41632123e-03  5.49540874e+06  4.55016510e-02 -2.41632123e-03 
 5.62341325e+06 -4.54713050e-02  2.46354890e-03  5.62341325e+06  4.54713050e-02 -2.46354890e-03 
 5.75439937e+06 -4.54397674e-02  2.51130181e-03  5.75439937e+06  4.54397674e-02 -2.51130181e-03 
 5.88843655e+06 -4.54070019e-02  2.55955903e-03  5.88843655e+06  4.54070019e-02 -2.55955903e-03 
 6.02559586e+06 -4.53729722e-02  2.60829760e-03  6.02559586e+06  4.53729722e-02 -2.60829760e-03 
 6.16595002e+06 -4.53376420e-02  2.65749243e-03  6.16595002e+06  4.53376420e-02 -2.65749243e-03 
 6.30957344e+06 -4.53009748e-02  2.70711625e-03  6.30957344e+06  4.53009748e-02 -2.70711625e-03 
 6.45654229e+06 -4.52629346e-02  2.75713952e-03  6.45654229e+06  4.52629346e-02 -2.75713952e-03 
 6.60693448e+06 -4.52234852e-02  2.80753034e-03  6.60693448e+06  4.52234852e-02 -2.80753034e-03 
 6.76082975e+06 -4.51825911e-02  2.85825444e-03  6.76082975e+06  4.51825911e-02 -2.85825444e-03 
 6.91830971e+06 -4.51402173e-02  2.90927504e-03  6.91830971e+06  4.51402173e-02 -2.90927504e-03 
 7.07945784e+06 -4.50963293e-02  2.96055287e-03  7.07945784e+06  4.50963293e-02 -2.96055287e-03 
 7.24435960e+06 -4.50508936e-02  3.01204607e-03  7.24435960e+06  4.50508936e-02 -3.01204607e-03 
 7.41310241e+06 -4.50038777e-02  3.06371017e-03  7.41310241e+06  4.50038777e-02 -3.06371017e-03 
 7.58577575e+06 -4.49552500e-02  3.11549808e-03  7.58577575e+06  4.49552500e-02 -3.11549808e-03 
 7.76247117e+06 -4.49049805e-02  3.16736002e-03  7.76247117e+06  4.49049805e-02 -3.16736002e-03 
 7.94328235e+06 -4.48530406e-02  3.21924357e-03  7.94328235e+06  4.48530406e-02 -3.21924357e-03 
 8.12830516e+06 -4.47994037e-02  3.27109363e-03  8.12830516e+06  4.47994037e-02 -3.27109363e-03 
 8.31763771e+06 -4.47440446e-02  3.32285245e-03  8.31763771e+06  4.47440446e-02 -3.32285245e-03 
 8.51138038e+06 -4.46869409e-02  3.37445968e-03  8.51138038e+06  4.46869409e-02 -3.37445968e-03 
 8.70963590e+06 -4.46280720e-02  3.42585240e-03  8.70963590e+06  4.46280720e-02 -3.42585240e-03 
 8.91250938e+06 -4.45674202e-02  3.47696521e-03  8.91250938e+06  4.45674202e-02 -3.47696521e-03 
 9.12010839e+06 -4.45049705e-02  3.52773029e-03  9.12010839e+06  4.45049705e-02 -3.52773029e-03 
 9.33254301e+06 -4.44407108e-02  3.57807750e-03  9.33254301e+06  4.44407108e-02 -3.57807750e-03 
 9.54992586e+06 -4.43746326e-02  3.62793454e-03  9.54992586e+06  4.43746326e-02 -3.62793454e-03 
 9.77237221e+06 -4.43067305e-02  3.67722706e-03  9.77237221e+06  4.43067305e-02 -3.67722706e-03 
 1.00000000e+07 -4.42370030e-02  3.72587883e-03  1.00000000e+07  4.42370030e-02 -3.72587883e-03 
 1.02329299e+07 -4.41654523e-02  3.77381196e-03  1.02329299e+07  4.41654523e-02 -3.77381196e-03 
 1.04712855e+07 -4.40920848e-02  3.82094706e-03  1.04712855e+07  4.40920848e-02 -3.82094706e-03 
 1.07151931e+07 -4.40169113e-02  3.86720349e-03  1.07151931e+07  4.40169113e-02 -3.86720349e-03 
 1.09647820e+07 -4.39399467e-02  3.91249963e-03  1.09647820e+07  4.39399467e-02 -3.91249963e-03 
 1.12201845e+07 -4.38612109e-02  3.95675312e-03  1.12201845e+07  4.38612109e-02 -3.95675312e-03 
 1.14815362e+07 -4.37807284e-02  3.99988117e-03  1.14815362e+07  4.37807284e-02 -3.99988117e-03 
 1.17489755e+07 -4.36985285e-02  4.04180086e-03  1.17489755e+07  4.36985285e-02 -4.04180086e-03 
 1.20226443e+07 -4.36146456e-02  4.08242950e-03  1.20226443e+07  4.36146456e-02 -4.08242950e-03 
 1.23026877e+07 -4.35291191e-02  4.12168491e-03  1.23026877e+07  4.35291191e-02 -4.12168491e-03 
 1.25892541e+07 -4.34419935e-02  4.15948584e-03  1.25892541e+07  4.34419935e-02 -4.15948584e-03 
 1.28824955e+07 -4.33533186e-02  4.19575230e-03  1.28824955e+07  4.33533186e-02 -4.19575230e-03 
 1.31825674e+07 -4.32631490e-02  4.23040595e-03  1.31825674e+07  4.32631490e-02 -4.23040595e-03 
 1.34896288e+07 -4.31715447e-02  4.26337049e-03  1.34896288e+07  4.31715447e-02 -4.26337049e-03 
 1.38038426e+07 -4.30785705e-02  4.29457202e-03  1.38038426e+07  4.30785705e-02 -4.29457202e-03 
 1.41253754e+07 -4.29842963e-02  4.32393947e-03  1.41253754e+07  4.29842963e-02 -4.32393947e-03 
 1.44543977e+07 -4.28887965e-02  4.35140493e-03  1.44543977e+07  4.28887965e-02 -4.35140493e-03 
 1.47910839e+07 -4.27921502e-02  4.37690407e-03  1.47910839e+07  4.27921502e-02 -4.37690407e-03 
 1.51356125e+07 -4.26944410e-02  4.40037648e-03  1.51356125e+07  4.26944410e-02 -4.40037648e-03 
 1.54881662e+07 -4.25957564e-02  4.42176603e-03  1.54881662e+07  4.25957564e-02 -4.42176603e-03 
 1.58489319e+07 -4.24961879e-02  4.44102120e-03  1.58489319e+07  4.24961879e-02 -4.44102120e-03 
 1.62181010e+07 -4.23958306e-02  4.45809537e-03  1.62181010e+07  4.23958306e-02 -4.45809537e-03 
 1.65958691e+07 -4.22947824e-02  4.47294716e-03  1.65958691e+07  4.22947824e-02 -4.47294716e-03 
 1.69824365e+07 -4.21931445e-02  4.48554063e-03  1.69824365e+07  4.21931445e-02 -4.48554063e-03 
 1.73780083e+07 -4.20910204e-02  4.49584553e-03  1.73780083e+07  4.20910204e-02 -4.49584553e-03 
 1.77827941e+07 -4.19885154e-02  4.50383750e-03  1.77827941e+07  4.19885154e-02 -4.50383750e-03 
 1.81970086e+07 -4.18857366e-02  4.50949824e-03  1.81970086e+07  4.18857366e-02 -4.50949824e-03 
 1.86208714e+07 -4.17827923e-02  4.51281558e-03  1.86208714e+07  4.17827923e-02 -4.51281558e-03 
 1.90546072e+07 -4.16797914e-02  4.51378363e-03  1.90546072e+07  4.16797914e-02 -4.51378363e-03 
 1.94984460e+07 -4.15768431e-02  4.51240276e-03  1.94984460e+07  4.15768431e-02 -4.51240276e-03 
 1.99526231e+07 -4.14740562e-02  4.50867964e-03  1.99526231e+07  4.14740562e-02 -4.50867964e-03 
 2.04173794e+07 -4.13715391e-02  4.50262718e-03  2.04173794e+07  4.13715391e-02 -4.50262718e-03 
 2.08929613e+07 -4.12693988e-02  4.49426447e-03  2.08929613e+07  4.12693988e-02 -4.49426447e-03 
 2.13796209e+07 -4.11677409e-02  4.48361664e-03  2.13796209e+07  4.11677409e-02 -4.48361664e-03 
 2.18776162e+07 -4.10666690e-02  4.47071471e-03  2.18776162e+07  4.10666690e-02 -4.47071471e-03 
 2.23872114e+07 -4.09662840e-02  4.45559541e-03  2.23872114e+07  4.09662840e-02 -4.45559541e-03 
 2.29086765e+07 -4.08666843e-02  4.43830095e-03  2.29086765e+07  4.08666843e-02 -4.43830095e-03 
 2.34422882e+07 -4.07679650e-02  4.41887875e-03  2.34422882e+07  4.07679650e-02 -4.41887875e-03 
 2.39883292e+07 -4.06702177e-02  4.39738116e-03  2.39883292e+07  4.06702177e-02 -4.39738116e-03 
 2.45470892e+07 -4.05735301e-02  4.37386518e-03  2.45470892e+07  4.05735301e-02 -4.37386518e-03 
 2.51188643e+07 -4.04779858e-02  4.34839207e-03  2.51188643e+07  4.04779858e-02 -4.34839207e-03 
 2.57039578e+07 -4.03836641e-02  4.32102706e-03  2.57039578e+07  4.03836641e-02 -4.32102706e-03 
 2.63026799e+07 -4.02906397e-02  4.29183895e-03  2.63026799e+07  4.02906397e-02 -4.29183895e-03 
 2.69153480e+07 -4.01989825e-02  4.26089976e-03  2.69153480e+07  4.01989825e-02 -4.26089976e-03 
 2.75422870e+07 -4.01087577e-02  4.22828431e-03  2.75422870e+07  4.01087577e-02 -4.22828432e-03 
 2.81838293e+07 -4.00200251e-02  4.19406990e-03  2.81838293e+07  4.00200251e-02 -4.19406990e-03 
 2.88403150e+07 -3.99328398e-02  4.15833584e-03  2.88403150e+07  3.99328398e-02 -4.15833584e-03 
 2.95120923e+07 -3.98472517e-02  4.12116315e-03  2.95120923e+07  3.98472517e-02 -4.12116315e-03 
 3.01995172e+07 -3.97633054e-02  4.08263411e-03  3.01995172e+07  3.97633054e-02 -4.08263411e-03 
 3.09029543e+07 -3.96810404e-02  4.04283196e-03  3.09029543e+07  3.96810404e-02 -4.04283196e-03 
 3.16227766e+07 -3.96004915e-02  4.00184049e-03  3.16227766e+07  3.96004915e-02 -4.00184049e-03 
 3.23593657e+07 -3.95216880e-02  3.95974371e-03  3.23593657e+07  3.95216880e-02 -3.95974371e-03 
 3.31131121e+07 -3.94446547e-02  3.91662556e-03  3.31131121e+07  3.94446547e-02 -3.91662556e-03 
 3.38844156e+07 -3.93694113e-02  3.87256955e-03  3.38844156e+07  3.93694113e-02 -3.87256955e-03 
 3.46736850e+07 -3.92959733e-02  3.82765848e-03  3.46736850e+07  3.92959733e-02 -3.82765848e-03 
 3.54813389e+07 -3.92243514e-02  3.78197419e-03  3.54813389e+07  3.92243514e-02 -3.78197419e-03 
 3.63078055e+07 -3.91545522e-02  3.73559728e-03  3.63078055e+07  3.91545522e-02 -3.73559728e-03 
 3.71535229e+07 -3.90865780e-02  3.68860693e-03  3.71535229e+07  3.90865780e-02 -3.68860693e-03 
 3.80189396e+07 -3.90204274e-02  3.64108061e-03  3.80189396e+07  3.90204274e-02 -3.64108061e-03 
 3.89045145e+07 -3.89560952e-02  3.59309398e-03  3.89045145e+07  3.89560952e-02 -3.59309398e-03 
 3.98107171e+07 -3.88935729e-02  3.54472066e-03  3.98107171e+07  3.88935729e-02 -3.54472066e-03 
 4.07380278e+07 -3.88328485e-02  3.49603211e-03  4.07380278e+07  3.88328485e-02 -3.49603211e-03 
 4.16869383e+07 -3.87739071e-02  3.44709753e-03  4.16869383e+07  3.87739071e-02 -3.44709753e-03 
 4.26579519e+07 -3.87167311e-02  3.39798370e-03  4.26579519e+07  3.87167311e-02 -3.39798370e-03 
 4.36515832e+07 -3.86613000e-02  3.34875496e-03  4.36515832e+07  3.86613000e-02 -3.34875496e-03 
 4.46683592e+07 -3.86075913e-02  3.29947308e-03  4.46683592e+07  3.86075913e-02 -3.29947308e-03 
 4.57088190e+07 -3.85555802e-02  3.25019726e-03  4.57088190e+07  3.85555802e-02 -3.25019726e-03 
 4.67735141e+07 -3.85052397e-02  3.20098408e-03  4.67735141e+07  3.85052397e-02 -3.20098408e-03 
 4.78630092e+07 -3.84565415e-02  3.15188746e-03  4.78630092e+07  3.84565415e-02 -3.15188746e-03 
 4.89778819e+07 -3.84094555e-02  3.10295870e-03  4.89778819e+07  3.84094555e-02 -3.10295870e-03 
 5.01187234e+07 -3.83639503e-02  3.05424645e-03  5.01187234e+07  3.83639503e-02 -3.05424645e-03 
 5.12861384e+07 -3.83199932e-02  3.00579674e-03  5.12861384e+07  3.83199932e-02 -3.00579674e-03 
 5.24807460e+07 -3.82775508e-02  2.95765303e-03  5.24807460e+07  3.82775508e-02 -2.95765303e-03 
 5.37031796e+07 -3.82365886e-02  2.90985621e-03  5.37031796e+07  3.82365886e-02 -2.90985621e-03 
 5.49540874e+07 -3.81970716e-02  2.86244470e-03  5.49540874e+07  3.81970716e-02 -2.86244470e-03 
 5.62341325e+07 -3.81589642e-02  2.81545445e-03  5.62341325e+07  3.81589642e-02 -2.81545445e-03 
 5.75439937e+07 -3.81222303e-02  2.76891905e-03  5.75439937e+07  3.81222303e-02 -2.76891905e-03 
 5.88843655e+07 -3.80868337e-02  2.72286978e-03  5.88843655e+07  3.80868337e-02 -2.72286978e-03 
 6.02559586e+07 -3.80527380e-02  2.67733566e-03  6.02559586e+07  3.80527380e-02 -2.67733566e-03 
 6.16595002e+07 -3.80199067e-02  2.63234355e-03  6.16595002e+07  3.80199067e-02 -2.63234355e-03 
 6.30957344e+07 -3.79883036e-02  2.58791825e-03  6.30957344e+07  3.79883036e-02 -2.58791825e-03 
 6.45654229e+07 -3.79578923e-02  2.54408252e-03  6.45654229e+07  3.79578923e-02 -2.54408252e-03 
 6.60693448e+07 -3.79286370e-02  2.50085721e-03  6.60693448e+07  3.79286370e-02 -2.50085721e-03 
 6.76082975e+07 -3.79005019e-02  2.45826133e-03  6.76082975e+07  3.79005019e-02 -2.45826133e-03 
 6.91830971e+07 -3.78734519e-02  2.41631213e-03  6.91830971e+07  3.78734519e-02 -2.41631214e-03 
 7.07945784e+07 -3.78474520e-02  2.37502521e-03  7.07945784e+07  3.78474520e-02 -2.37502521e-03 
 7.24435960e+07 -3.78224681e-02  2.33441455e-03  7.24435960e+07  3.78224681e-02 -2.33441455e-03 
 7.41310241e+07 -3.77984663e-02  2.29449263e-03  7.41310241e+07  3.77984663e-02 -2.29449263e-03 
 7.58577575e+07 -3.77754135e-02  2.25527052e-03  7.58577575e+07  3.77754135e-02 -2.25527052e-03 
 7.76247117e+07 -3.77532772e-02  2.21675794e-03  7.76247117e+07  3.77532772e-02 -2.21675794e-03 
 7.94328235e+07 -3.77320255e-02  2.17896333e-03  7.94328235e+07  3.77320255e-02 -2.17896333e-03 
 8.12830516e+07 -3.77116273e-02  2.14189397e-03  8.12830516e+07  3.77116273e-02 -2.14189397e-03 
 8.31763771e+07 -3.76920521e-02  2.10555598e-03  8.31763771e+07  3.76920521e-02 -2.10555598e-03 
 8.51138038e+07 -3.76732702e-02  2.06995449e-03  8.51138038e+07  3.76732702e-02 -2.06995449e-03 
 8.70963590e+07 -3.76552526e-02  2.03509360e-03  8.70963590e+07  3.76552526e-02 -2.03509360e-03 
 8.91250938e+07 -3.76379711e-02  2.00097656e-03  8.91250938e+07  3.76379711e-02 -2.00097656e-03 
 9.12010839e+07 -3.76213982e-02  1.96760573e-03  9.12010839e+07  3.76213982e-02 -1.96760573e-03 
 9.33254301e+07 -3.76055071e-02  1.93498274e-03  9.33254301e+07  3.76055071e-02 -1.93498274e-03 
 9.54992586e+07 -3.75902720e-02  1.90310845e-03  9.54992586e+07  3.75902720e-02 -1.90310845e-03 
 9.77237221e+07 -3.75756677e-02  1.87198310e-03  9.77237221e+07  3.75756677e-02 -1.87198310e-03 
 1.00000000e+08 -3.75616697e-02  1.84160631e-03  1.00000000e+08  3.75616697e-02 -1.84160631e-03 
 1.02329299e+08 -3.75482543e-02  1.81197715e-03  1.02329299e+08  3.75482543e-02 -1.81197715e-03 
 1.04712855e+08 -3.75353986e-02  1.78309418e-03  1.04712855e+08  3.75353986e-02 -1.78309418e-03 
 1.07151931e+08 -3.75230804e-02  1.75495552e-03  1.07151931e+08  3.75230804e-02 -1.75495552e-03 
 1.09647820e+08 -3.75112781e-02  1.72755885e-03  1.09647820e+08  3.75112781e-02 -1.72755885e-03 
 1.12201845e+08 -3.74999711e-02  1.70090153e-03  1.12201845e+08  3.74999711e-02 -1.70090153e-03 
 1.14815362e+08 -3.74891393e-02  1.67498055e-03  1.14815362e+08  3.74891393e-02 -1.67498055e-03 
 1.17489755e+08 -3.74787631e-02  1.64979264e-03  1.17489755e+08  3.74787631e-02 -1.64979264e-03 
 1.20226443e+08 -3.74688240e-02  1.62533427e-03  1.20226443e+08  3.74688240e-02 -1.62533427e-03 
 1.23026877e+08 -3.74593038e-02  1.60160169e-03  1.23026877e+08  3.74593038e-02 -1.60160169e-03 
 1.25892541e+08 -3.74501851e-02  1.57859098e-03  1.25892541e+08  3.74501851e-02 -1.57859098e-03 
 1.28824955e+08 -3.74414510e-02  1.55629806e-03  1.28824955e+08  3.74414510e-02 -1.55629806e-03 
 1.31825674e+08 -3.74330854e-02  1.53471871e-03  1.31825674e+08  3.74330854e-02 -1.53471871e-03 
 1.34896288e+08 -3.74250726e-02  1.51384865e-03  1.34896288e+08  3.74250726e-02 -1.51384865e-03 
 1.38038426e+08 -3.74173975e-02  1.49368350e-03  1.38038426e+08  3.74173975e-02 -1.49368350e-03 
 1.41253754e+08 -3.74100457e-02  1.47421885e-03  1.41253754e+08  3.74100457e-02 -1.47421885e-03 
 1.44543977e+08 -3.74030032e-02  1.45545025e-03  1.44543977e+08  3.74030032e-02 -1.45545025e-03 
 1.47910839e+08 -3.73962564e-02  1.43737327e-03  1.47910839e+08  3.73962564e-02 -1.43737327e-03 
 1.51356125e+08 -3.73897925e-02  1.41998348e-03  1.51356125e+08  3.73897925e-02 -1.41998348e-03 
 1.54881662e+08 -3.73835990e-02  1.40327650e-03  1.54881662e+08  3.73835990e-02 -1.40327650e-03 
 1.58489319e+08 -3.73776639e-02  1.38724799e-03  1.58489319e+08  3.73776639e-02 -1.38724799e-03 
 1.62181010e+08 -3.73719756e-02  1.37189369e-03  1.62181010e+08  3.73719756e-02 -1.37189369e-03 
 1.65958691e+08 -3.73665230e-02  1.35720942e-03  1.65958691e+08  3.73665230e-02 -1.35720942e-03 
 1.69824365e+08 -3.73612954e-02  1.34319111e-03  1.69824365e+08  3.73612954e-02 -1.34319111e-03 
 1.73780083e+08 -3.73562826e-02  1.32983480e-03  1.73780083e+08  3.73562826e-02 -1.32983480e-03 
 1.77827941e+08 -3.73514745e-02  1.31713665e-03  1.77827941e+08  3.73514745e-02 -1.31713665e-03 
 1.81970086e+08 -3.73468618e-02  1.30509297e-03  1.81970086e+08  3.73468618e-02 -1.30509297e-03 
 1.86208714e+08 -3.73424351e-02  1.29370021e-03  1.86208714e+08  3.73424351e-02 -1.29370021e-03 
 1.90546072e+08 -3.73381857e-02  1.28295499e-03  1.90546072e+08  3.73381857e-02 -1.28295499e-03 
 1.94984460e+08 -3.73341050e-02  1.27285409e-03  1.94984460e+08  3.73341050e-02 -1.27285409e-03 
 1.99526231e+08 -3.73301849e-02  1.26339448e-03  1.99526231e+08  3.73301849e-02 -1.26339448e-03 
 2.04173794e+08 -3.73264174e-02  1.25457330e-03  2.04173794e+08  3.73264174e-02 -1.25457330e-03 
 2.08929613e+08 -3.73227950e-02  1.24638789e-03  2.08929613e+08  3.73227950e-02 -1.24638789e-03 
 2.13796209e+08 -3.73193104e-02  1.23883582e-03  2.13796209e+08  3.73193104e-02 -1.23883582e-03 
 2.18776162e+08 -3.73159564e-02  1.23191483e-03  2.18776162e+08  3.73159564e-02 -1.23191483e-03 
 2.23872114e+08 -3.73127262e-02  1.22562290e-03  2.23872114e+08  3.73127262e-02 -1.22562290e-03 
 2.29086765e+08 -3.73096133e-02  1.21995823e-03  2.29086765e+08  3.73096133e-02 -1.21995823e-03 
 2.34422882e+08 -3.73066113e-02  1.21491925e-03  2.34422882e+08  3.73066113e-02 -1.21491925e-03 
 2.39883292e+08 -3.73037140e-02  1.21050462e-03  2.39883292e+08  3.73037140e-02 -1.21050462e-03 
 2.45470892e+08 -3.73009156e-02  1.20671323e-03  2.45470892e+08  3.73009156e-02 -1.20671323e-03 
 2.51188643e+08 -3.72982102e-02  1.20354424e-03  2.51188643e+08  3.72982102e-02 -1.20354424e-03 
 2.57039578e+08 -3.72955924e-02  1.20099703e-03  2.57039578e+08  3.72955924e-02 -1.20099704e-03 
 2.63026799e+08 -3.72930566e-02  1.19907127e-03  2.63026799e+08  3.72930566e-02 -1.19907127e-03 
 2.69153480e+08 -3.72905977e-02  1.19776684e-03  2.69153480e+08  3.72905977e-02 -1.19776684e-03 
 2.75422870e+08 -3.72882106e-02  1.19708393e-03  2.75422870e+08  3.72882106e-02 -1.19708393e-03 
 2.81838293e+08 -3.72858904e-02  1.19702296e-03  2.81838293e+08  3.72858904e-02 -1.19702296e-03 
 2.88403150e+08 -3.72836321e-02  1.19758465e-03  2.88403150e+08  3.72836321e-02 -1.19758465e-03 
 2.95120923e+08 -3.72814313e-02  1.19876997e-03  2.95120923e+08  3.72814313e-02 -1.19876997e-03 
 3.01995172e+08 -3.72792831e-02  1.20058018e-03  3.01995172e+08  3.72792831e-02 -1.20058018e-03 
 3.09029543e+08 -3.72771833e-02  1.20301682e-03  3.09029543e+08  3.72771833e-02 -1.20301682e-03 
 3.16227766e+08 -3.72751274e-02  1.20608172e-03  3.16227766e+08  3.72751274e-02 -1.20608172e-03 
 3.23593657e+08 -3.72731112e-02  1.20977698e-03  3.23593657e+08  3.72731112e-02 -1.20977698e-03 
 3.31131121e+08 -3.72711303e-02  1.21410500e-03  3.31131121e+08  3.72711303e-02 -1.21410500e-03 
 3.38844156e+08 -3.72691808e-02  1.21906849e-03  3.38844156e+08  3.72691808e-02 -1.21906849e-03 
 3.46736850e+08 -3.72672584e-02  1.22467044e-03  3.46736850e+08  3.72672584e-02 -1.22467044e-03 
 3.54813389e+08 -3.72653593e-02  1.23091415e-03  3.54813389e+08  3.72653593e-02 -1.23091415e-03 
 3.63078055e+08 -3.72634793e-02  1.23780321e-03  3.63078055e+08  3.72634793e-02 -1.23780321e-03 
 3.71535229e+08 -3.72616146e-02  1.24534154e-03  3.71535229e+08  3.72616146e-02 -1.24534154e-03 
 3.80189396e+08 -3.72597613e-02  1.25353337e-03  3.80189396e+08  3.72597613e-02 -1.25353337e-03 
 3.89045145e+08 -3.72579154e-02  1.26238321e-03  3.89045145e+08  3.72579154e-02 -1.26238321e-03 
 3.98107171e+08 -3.72560731e-02  1.27189594e-03  3.98107171e+08  3.72560731e-02 -1.27189594e-03 
 4.07380278e+08 -3.72542305e-02  1.28207671e-03  4.07380278e+08  3.72542305e-02 -1.28207671e-03 
 4.16869383e+08 -3.72523837e-02  1.29293103e-03  4.16869383e+08  3.72523837e-02 -1.29293103e-03 
 4.26579519e+08 -3.72505289e-02  1.30446472e-03  4.26579519e+08  3.72505289e-02 -1.30446472e-03 
 4.36515832e+08 -3.72486622e-02  1.31668395e-03  4.36515832e+08  3.72486622e-02 -1.31668395e-03 
 4.46683592e+08 -3.72467796e-02  1.32959519e-03  4.46683592e+08  3.72467796e-02 -1.32959519e-03 
 4.57088190e+08 -3.72448772e-02  1.34320528e-03  4.57088190e+08  3.72448772e-02 -1.34320528e-03 
 4.67735141e+08 -3.72429509e-02  1.35752140e-03  4.67735141e+08  3.72429509e-02 -1.35752140e-03 
 4.78630092e+08 -3.72409968e-02  1.37255105e-03  4.78630092e+08  3.72409968e-02 -1.37255105e-03 
 4.89778819e+08 -3.72390107e-02  1.38830211e-03  4.89778819e+08  3.72390107e-02 -1.38830211e-03 
 5.01187234e+08 -3.72369883e-02  1.40478278e-03  5.01187234e+08  3.72369884e-02 -1.40478278e-03 
 5.12861384e+08 -3.72349256e-02  1.42200165e-03  5.12861384e+08  3.72349256e-02 -1.42200165e-03 
 5.24807460e+08 -3.72328181e-02  1.43996764e-03  5.24807460e+08  3.72328181e-02 -1.43996764e-03 
 5.37031796e+08 -3.72306615e-02  1.45869005e-03  5.37031796e+08  3.72306615e-02 -1.45869005e-03 
 5.49540874e+08 -3.72284511e-02  1.47817856e-03  5.49540874e+08  3.72284511e-02 -1.47817856e-03 
 5.62341325e+08 -3.72261823e-02  1.49844319e-03  5.62341325e+08  3.72261823e-02 -1.49844319e-03 
 5.75439937e+08 -3.72238504e-02  1.51949435e-03  5.75439937e+08  3.72238504e-02 -1.51949435e-03 
 5.88843655e+08 -3.72214504e-02  1.54134285e-03  5.88843655e+08  3.72214504e-02 -1.54134285e-03 
 6.02559586e+08 -3.72189774e-02  1.56399985e-03  6.02559586e+08  3.72189774e-02 -1.56399985e-03 
 6.16595002e+08 -3.72164262e-02  1.58747692e-03  6.16595002e+08  3.72164262e-02 -1.58747692e-03 
 6.30957344e+08 -3.72137913e-02  1.61178601e-03  6.30957344e+08  3.72137913e-02 -1.61178601e-03 
 6.45654229e+08 -3.72110673e-02  1.63693947e-03  6.45654229e+08  3.72110673e-02 -1.63693947e-03 
 6.60693448e+08 -3.72082485e-02  1.66295005e-03  6.60693448e+08  3.72082485e-02 -1.66295005e-03 
 6.76082975e+08 -3.72053290e-02  1.68983091e-03  6.76082975e+08  3.72053290e-02 -1.68983091e-03 
 6.91830971e+08 -3.72023026e-02  1.71759560e-03  6.91830971e+08  3.72023026e-02 -1.71759560e-03 
 7.07945784e+08 -3.71991630e-02  1.74625811e-03  7.07945784e+08  3.71991630e-02 -1.74625811e-03 
 7.24435960e+08 -3.71959038e-02  1.77583280e-03  7.24435960e+08  3.71959038e-02 -1.77583280e-03 
 7.41310241e+08 -3.71925180e-02  1.80633451e-03  7.41310241e+08  3.71925180e-02 -1.80633451e-03 
 7.58577575e+08 -3.71889986e-02  1.83777845e-03  7.58577575e+08  3.71889986e-02 -1.83777845e-03 
 7.76247117e+08 -3.71853383e-02  1.87018029e-03  7.76247117e+08  3.71853383e-02 -1.87018029e-03 
 7.94328235e+08 -3.71815295e-02  1.90355611e-03  7.94328235e+08  3.71815295e-02 -1.90355611e-03 
 8.12830516e+08 -3.71775643e-02  1.93792245e-03  8.12830516e+08  3.71775643e-02 -1.93792245e-03 
 8.31763771e+08 -3.71734343e-02  1.97329626e-03  8.31763771e+08  3.71734343e-02 -1.97329626e-03 
 8.51138038e+08 -3.71691311e-02  2.00969494e-03  8.51138038e+08  3.71691311e-02 -2.00969494e-03 
 8.70963590e+08 -3.71646457e-02  2.04713635e-03  8.70963590e+08  3.71646457e-02 -2.04713635e-03 
 8.91250938e+08 -3.71599689e-02  2.08563877e-03  8.91250938e+08  3.71599689e-02 -2.08563877e-03 
 9.12010839e+08 -3.71550909e-02  2.12522096e-03  9.12010839e+08  3.71550909e-02 -2.12522096e-03 
 9.33254301e+08 -3.71500017e-02  2.16590211e-03  9.33254301e+08  3.71500017e-02 -2.16590211e-03 
 9.54992586e+08 -3.71446908e-02  2.20770186e-03  9.54992586e+08  3.71446908e-02 -2.20770187e-03 
 9.77237221e+08 -3.71391473e-02  2.25064034e-03  9.77237221e+08  3.71391473e-02 -2.25064034e-03 
 1.00000000e+09 -3.71333597e-02  2.29473809e-03  1.00000000e+09  3.71333597e-02 -2.29473809e-03 
